s 1 46
s 2 94
s 3 268
s 4 170
s 5 160
s 6 160
s 7 189
s 8 181
s 9 156
s 10 167
s 11 127
s 12 56
s 13 115
s 14 36
s 15 96
s 16 281
s 17 128
s 18 200
s 19 196
s 20 122
s 21 71
s 22 69
s 23 275
s 24 216
s 25 241
s 26 39
s 27 85
s 28 218
s 29 131
s 30 151
s 31 221
s 32 253
s 33 88
s 34 230
s 35 130
s 36 199
s 37 54
s 38 81
s 39 154
s 40 70
s 41 195
s 42 240
s 43 288
s 44 132
s 45 87
s 46 83
s 47 123
s 48 119
s 49 272
s 50 189
s 51 228
s 52 272
s 53 213
s 54 85
s 55 217
s 56 128
s 57 173
s 58 210
s 59 41
s 60 293
s 61 121
s 62 153
s 63 237
s 64 118
s 65 111
s 66 149
s 67 146
s 68 69
s 69 189
s 70 264
s 71 218
s 72 122
s 73 238
s 74 209
s 75 158
s 76 219
s 77 256
s 78 202
s 79 106
s 80 213
s 81 229
s 82 293
s 83 70
s 84 236
s 85 230
s 86 203
s 87 193
s 88 52
s 89 114
s 90 148
s 91 213
s 92 80
s 93 284
s 94 84
s 95 232
s 96 69
s 97 175
s 98 88
s 99 155
1 2 266
1 3 110
1 4 166
1 5 216
1 6 104
1 7 271
1 8 57
1 9 186
1 10 133
1 11 277
1 12 63
1 13 125
1 14 80
1 15 108
1 16 290
1 17 70
1 18 36
1 19 91
1 20 47
1 21 149
1 22 287
1 23 36
1 24 172
1 25 87
1 26 210
1 27 193
1 28 202
1 29 55
1 30 145
1 31 151
1 32 88
1 33 32
1 34 64
1 35 37
1 36 150
1 37 35
1 38 156
1 39 258
1 40 182
1 41 232
1 42 291
1 43 260
1 44 225
1 45 107
1 46 278
1 47 171
1 48 173
1 49 31
1 50 58
1 51 131
1 52 299
1 53 47
1 54 75
1 55 238
1 56 295
1 57 123
1 58 298
1 59 274
1 60 253
1 61 222
1 62 236
1 63 286
1 64 299
1 65 115
1 66 242
1 67 36
1 68 154
1 69 233
1 70 146
1 71 95
1 72 183
1 73 122
1 74 120
1 75 53
1 76 294
1 77 69
1 78 288
1 79 141
1 80 288
1 81 74
1 82 50
1 83 172
1 84 219
1 85 92
1 86 260
1 87 188
1 88 57
1 89 42
1 90 62
1 91 193
1 92 265
1 93 54
1 94 187
1 95 258
1 96 196
1 97 253
1 98 171
1 99 213
2 1 266
2 3 211
2 4 247
2 5 170
2 6 47
2 7 198
2 8 265
2 9 86
2 10 289
2 11 91
2 12 30
2 13 32
2 14 141
2 15 198
2 16 298
2 17 71
2 18 234
2 19 206
2 20 36
2 21 70
2 22 187
2 23 38
2 24 295
2 25 183
2 26 159
2 27 96
2 28 109
2 29 289
2 30 37
2 31 183
2 32 115
2 33 161
2 34 83
2 35 52
2 36 83
2 37 140
2 38 34
2 39 91
2 40 228
2 41 263
2 42 142
2 43 218
2 44 204
2 45 129
2 46 228
2 47 86
2 48 203
2 49 149
2 50 87
2 51 37
2 52 166
2 53 33
2 54 187
2 55 235
2 56 60
2 57 266
2 58 132
2 59 54
2 60 90
2 61 289
2 62 241
2 63 132
2 64 220
2 65 159
2 66 98
2 67 217
2 68 141
2 69 226
2 70 55
2 71 113
2 72 82
2 73 73
2 74 183
2 75 134
2 76 184
2 77 227
2 78 93
2 79 255
2 80 296
2 81 56
2 82 80
2 83 119
2 84 118
2 85 184
2 86 177
2 87 78
2 88 214
2 89 117
2 90 273
2 91 260
2 92 246
2 93 241
2 94 192
2 95 46
2 96 178
2 97 262
2 98 63
2 99 261
3 1 110
3 2 211
3 4 240
3 5 256
3 6 143
3 7 231
3 8 118
3 9 292
3 10 244
3 11 238
3 12 111
3 13 95
3 14 280
3 15 97
3 16 283
3 17 219
3 18 87
3 19 262
3 20 278
3 21 111
3 22 230
3 23 46
3 24 149
3 25 217
3 26 290
3 27 201
3 28 283
3 29 204
3 30 163
3 31 100
3 32 45
3 33 96
3 34 186
3 35 168
3 36 154
3 37 209
3 38 73
3 39 215
3 40 212
3 41 72
3 42 110
3 43 237
3 44 198
3 45 57
3 46 246
3 47 244
3 48 258
3 49 54
3 50 224
3 51 137
3 52 243
3 53 129
3 54 150
3 55 40
3 56 298
3 57 280
3 58 99
3 59 138
3 60 159
3 61 280
3 62 245
3 63 174
3 64 30
3 65 293
3 66 68
3 67 127
3 68 292
3 69 121
3 70 190
3 71 35
3 72 244
3 73 219
3 74 83
3 75 71
3 76 238
3 77 35
3 78 233
3 79 228
3 80 253
3 81 73
3 82 188
3 83 101
3 84 175
3 85 88
3 86 92
3 87 236
3 88 105
3 89 114
3 90 235
3 91 67
3 92 210
3 93 199
3 94 39
3 95 167
3 96 230
3 97 255
3 98 129
3 99 222
4 1 166
4 2 247
4 3 240
4 5 101
4 6 275
4 7 265
4 8 268
4 9 114
4 10 89
4 11 43
4 12 251
4 13 172
4 14 247
4 15 95
4 16 293
4 17 268
4 18 235
4 19 77
4 20 256
4 21 153
4 22 236
4 23 100
4 24 65
4 25 120
4 26 208
4 27 264
4 28 113
4 29 291
4 30 72
4 31 144
4 32 194
4 33 265
4 34 166
4 35 99
4 36 236
4 37 63
4 38 297
4 39 238
4 40 239
4 41 103
4 42 109
4 43 260
4 44 95
4 45 110
4 46 86
4 47 206
4 48 174
4 49 227
4 50 121
4 51 92
4 52 89
4 53 205
4 54 164
4 55 50
4 56 246
4 57 232
4 58 115
4 59 170
4 60 269
4 61 220
4 62 278
4 63 137
4 64 209
4 65 51
4 66 137
4 67 252
4 68 249
4 69 252
4 70 264
4 71 249
4 72 209
4 73 185
4 74 132
4 75 153
4 76 134
4 77 182
4 78 68
4 79 70
4 80 167
4 81 272
4 82 56
4 83 266
4 84 161
4 85 202
4 86 255
4 87 277
4 88 236
4 89 234
4 90 46
4 91 71
4 92 141
4 93 217
4 94 239
4 95 54
4 96 37
4 97 165
4 98 192
4 99 221
5 1 216
5 2 170
5 3 256
5 4 101
5 6 140
5 7 176
5 8 61
5 9 34
5 10 241
5 11 227
5 12 123
5 13 98
5 14 175
5 15 270
5 16 219
5 17 80
5 18 116
5 19 300
5 20 291
5 21 295
5 22 230
5 23 165
5 24 99
5 25 211
5 26 198
5 27 180
5 28 72
5 29 253
5 30 269
5 31 69
5 32 126
5 33 235
5 34 202
5 35 185
5 36 112
5 37 107
5 38 81
5 39 147
5 40 80
5 41 33
5 42 217
5 43 104
5 44 195
5 45 128
5 46 247
5 47 220
5 48 279
5 49 140
5 50 269
5 51 225
5 52 225
5 53 73
5 54 67
5 55 82
5 56 215
5 57 40
5 58 257
5 59 36
5 60 203
5 61 205
5 62 107
5 63 268
5 64 45
5 65 250
5 66 209
5 67 234
5 68 260
5 69 112
5 70 50
5 71 100
5 72 92
5 73 152
5 74 251
5 75 180
5 76 292
5 77 234
5 78 96
5 79 211
5 80 298
5 81 71
5 82 60
5 83 71
5 84 249
5 85 209
5 86 53
5 87 102
5 88 155
5 89 236
5 90 64
5 91 216
5 92 148
5 93 234
5 94 50
5 95 117
5 96 66
5 97 119
5 98 186
5 99 269
6 1 104
6 2 47
6 3 143
6 4 275
6 5 140
6 7 294
6 8 269
6 9 217
6 10 142
6 11 181
6 12 123
6 13 91
6 14 281
6 15 41
6 16 217
6 17 100
6 18 260
6 19 98
6 20 58
6 21 188
6 22 133
6 23 225
6 24 252
6 25 259
6 26 91
6 27 181
6 28 161
6 29 244
6 30 141
6 31 45
6 32 71
6 33 157
6 34 272
6 35 222
6 36 296
6 37 157
6 38 32
6 39 39
6 40 71
6 41 31
6 42 156
6 43 234
6 44 37
6 45 101
6 46 114
6 47 143
6 48 166
6 49 144
6 50 175
6 51 298
6 52 193
6 53 33
6 54 178
6 55 149
6 56 180
6 57 196
6 58 40
6 59 59
6 60 110
6 61 207
6 62 81
6 63 62
6 64 66
6 65 142
6 66 192
6 67 221
6 68 54
6 69 227
6 70 264
6 71 258
6 72 61
6 73 232
6 74 244
6 75 227
6 76 211
6 77 141
6 78 194
6 79 108
6 80 168
6 81 175
6 82 99
6 83 295
6 84 121
6 85 110
6 86 115
6 87 77
6 88 128
6 89 239
6 90 279
6 91 285
6 92 276
6 93 126
6 94 263
6 95 56
6 96 187
6 97 262
6 98 269
6 99 202
7 1 271
7 2 198
7 3 231
7 4 265
7 5 176
7 6 294
7 8 229
7 9 295
7 10 98
7 11 168
7 12 128
7 13 246
7 14 266
7 15 195
7 16 112
7 17 101
7 18 235
7 19 254
7 20 254
7 21 245
7 22 64
7 23 258
7 24 79
7 25 244
7 26 230
7 27 300
7 28 214
7 29 42
7 30 66
7 31 231
7 32 104
7 33 178
7 34 271
7 35 123
7 36 269
7 37 76
7 38 172
7 39 156
7 40 175
7 41 32
7 42 35
7 43 108
7 44 156
7 45 136
7 46 92
7 47 215
7 48 93
7 49 293
7 50 41
7 51 118
7 52 188
7 53 33
7 54 58
7 55 43
7 56 226
7 57 193
7 58 214
7 59 152
7 60 94
7 61 199
7 62 188
7 63 149
7 64 102
7 65 200
7 66 221
7 67 243
7 68 41
7 69 278
7 70 242
7 71 36
7 72 106
7 73 87
7 74 152
7 75 248
7 76 56
7 77 118
7 78 71
7 79 82
7 80 101
7 81 171
7 82 148
7 83 256
7 84 89
7 85 268
7 86 39
7 87 263
7 88 115
7 89 293
7 90 64
7 91 163
7 92 249
7 93 188
7 94 40
7 95 84
7 96 148
7 97 225
7 98 39
7 99 211
8 1 57
8 2 265
8 3 118
8 4 268
8 5 61
8 6 269
8 7 229
8 9 242
8 10 291
8 11 227
8 12 174
8 13 300
8 14 243
8 15 51
8 16 297
8 17 93
8 18 84
8 19 219
8 20 173
8 21 233
8 22 140
8 23 223
8 24 272
8 25 57
8 26 297
8 27 217
8 28 238
8 29 87
8 30 95
8 31 219
8 32 150
8 33 168
8 34 135
8 35 91
8 36 285
8 37 149
8 38 119
8 39 294
8 40 44
8 41 50
8 42 134
8 43 169
8 44 162
8 45 135
8 46 134
8 47 136
8 48 218
8 49 200
8 50 68
8 51 263
8 52 92
8 53 46
8 54 80
8 55 269
8 56 142
8 57 60
8 58 128
8 59 38
8 60 84
8 61 83
8 62 191
8 63 152
8 64 289
8 65 62
8 66 121
8 67 291
8 68 266
8 69 204
8 70 79
8 71 295
8 72 53
8 73 237
8 74 264
8 75 55
8 76 129
8 77 97
8 78 91
8 79 110
8 80 270
8 81 216
8 82 208
8 83 72
8 84 79
8 85 252
8 86 291
8 87 60
8 88 140
8 89 258
8 90 139
8 91 46
8 92 256
8 93 60
8 94 203
8 95 230
8 96 151
8 97 253
8 98 297
8 99 73
9 1 186
9 2 86
9 3 292
9 4 114
9 5 34
9 6 217
9 7 295
9 8 242
9 10 255
9 11 70
9 12 211
9 13 271
9 14 99
9 15 131
9 16 225
9 17 204
9 18 222
9 19 107
9 20 57
9 21 82
9 22 86
9 23 211
9 24 45
9 25 122
9 26 269
9 27 77
9 28 213
9 29 39
9 30 254
9 31 160
9 32 62
9 33 92
9 34 44
9 35 279
9 36 63
9 37 106
9 38 293
9 39 285
9 40 96
9 41 236
9 42 272
9 43 211
9 44 223
9 45 262
9 46 262
9 47 76
9 48 228
9 49 270
9 50 268
9 51 90
9 52 34
9 53 190
9 54 294
9 55 130
9 56 127
9 57 70
9 58 90
9 59 224
9 60 185
9 61 186
9 62 163
9 63 214
9 64 37
9 65 120
9 66 147
9 67 71
9 68 44
9 69 249
9 70 98
9 71 277
9 72 46
9 73 70
9 74 247
9 75 49
9 76 75
9 77 86
9 78 296
9 79 256
9 80 36
9 81 165
9 82 225
9 83 83
9 84 141
9 85 31
9 86 209
9 87 265
9 88 142
9 89 212
9 90 179
9 91 114
9 92 266
9 93 107
9 94 246
9 95 156
9 96 298
9 97 97
9 98 125
9 99 34
10 1 133
10 2 289
10 3 244
10 4 89
10 5 241
10 6 142
10 7 98
10 8 291
10 9 255
10 11 41
10 12 136
10 13 212
10 14 210
10 15 213
10 16 85
10 17 231
10 18 159
10 19 180
10 20 171
10 21 33
10 22 102
10 23 150
10 24 224
10 25 204
10 26 37
10 27 203
10 28 162
10 29 157
10 30 295
10 31 117
10 32 263
10 33 122
10 34 66
10 35 159
10 36 170
10 37 187
10 38 240
10 39 199
10 40 128
10 41 95
10 42 50
10 43 196
10 44 213
10 45 206
10 46 250
10 47 85
10 48 33
10 49 36
10 50 244
10 51 112
10 52 290
10 53 300
10 54 267
10 55 243
10 56 142
10 57 243
10 58 163
10 59 145
10 60 259
10 61 173
10 62 150
10 63 297
10 64 234
10 65 41
10 66 188
10 67 205
10 68 155
10 69 284
10 70 233
10 71 230
10 72 149
10 73 176
10 74 66
10 75 294
10 76 236
10 77 223
10 78 70
10 79 120
10 80 96
10 81 38
10 82 215
10 83 46
10 84 47
10 85 145
10 86 92
10 87 160
10 88 165
10 89 64
10 90 299
10 91 77
10 92 30
10 93 183
10 94 278
10 95 42
10 96 231
10 97 63
10 98 52
10 99 57
11 1 277
11 2 91
11 3 238
11 4 43
11 5 227
11 6 181
11 7 168
11 8 227
11 9 70
11 10 41
11 12 185
11 13 213
11 14 237
11 15 219
11 16 158
11 17 260
11 18 61
11 19 230
11 20 141
11 21 189
11 22 257
11 23 293
11 24 44
11 25 110
11 26 126
11 27 234
11 28 256
11 29 141
11 30 113
11 31 277
11 32 270
11 33 124
11 34 78
11 35 152
11 36 221
11 37 140
11 38 222
11 39 282
11 40 158
11 41 36
11 42 84
11 43 274
11 44 122
11 45 50
11 46 63
11 47 76
11 48 248
11 49 196
11 50 176
11 51 133
11 52 171
11 53 286
11 54 260
11 55 231
11 56 131
11 57 135
11 58 165
11 59 274
11 60 193
11 61 155
11 62 181
11 63 252
11 64 236
11 65 70
11 66 87
11 67 251
11 68 96
11 69 254
11 70 231
11 71 121
11 72 93
11 73 159
11 74 148
11 75 286
11 76 144
11 77 300
11 78 131
11 79 167
11 80 33
11 81 174
11 82 31
11 83 228
11 84 295
11 85 197
11 86 201
11 87 156
11 88 280
11 89 270
11 90 214
11 91 222
11 92 36
11 93 225
11 94 60
11 95 179
11 96 178
11 97 124
11 98 292
11 99 98
12 1 63
12 2 30
12 3 111
12 4 251
12 5 123
12 6 123
12 7 128
12 8 174
12 9 211
12 10 136
12 11 185
12 13 241
12 14 263
12 15 219
12 16 112
12 17 98
12 18 202
12 19 135
12 20 243
12 21 228
12 22 244
12 23 135
12 24 234
12 25 205
12 26 280
12 27 66
12 28 88
12 29 251
12 30 117
12 31 140
12 32 43
12 33 280
12 34 120
12 35 221
12 36 83
12 37 214
12 38 201
12 39 185
12 40 39
12 41 99
12 42 242
12 43 211
12 44 89
12 45 286
12 46 47
12 47 49
12 48 238
12 49 92
12 50 63
12 51 134
12 52 195
12 53 49
12 54 141
12 55 129
12 56 228
12 57 179
12 58 249
12 59 234
12 60 63
12 61 142
12 62 141
12 63 274
12 64 223
12 65 295
12 66 255
12 67 78
12 68 200
12 69 295
12 70 201
12 71 239
12 72 101
12 73 169
12 74 228
12 75 236
12 76 142
12 77 257
12 78 250
12 79 149
12 80 55
12 81 134
12 82 164
12 83 275
12 84 71
12 85 53
12 86 251
12 87 140
12 88 46
12 89 126
12 90 56
12 91 218
12 92 146
12 93 102
12 94 200
12 95 143
12 96 45
12 97 260
12 98 281
12 99 107
13 1 125
13 2 32
13 3 95
13 4 172
13 5 98
13 6 91
13 7 246
13 8 300
13 9 271
13 10 212
13 11 213
13 12 241
13 14 232
13 15 209
13 16 228
13 17 273
13 18 136
13 19 199
13 20 286
13 21 37
13 22 126
13 23 142
13 24 154
13 25 71
13 26 203
13 27 127
13 28 85
13 29 293
13 30 250
13 31 32
13 32 189
13 33 114
13 34 192
13 35 141
13 36 72
13 37 54
13 38 286
13 39 124
13 40 176
13 41 250
13 42 212
13 43 31
13 44 244
13 45 240
13 46 288
13 47 150
13 48 144
13 49 161
13 50 80
13 51 184
13 52 255
13 53 206
13 54 213
13 55 280
13 56 285
13 57 296
13 58 106
13 59 249
13 60 262
13 61 118
13 62 70
13 63 170
13 64 73
13 65 91
13 66 50
13 67 250
13 68 267
13 69 266
13 70 280
13 71 168
13 72 174
13 73 72
13 74 45
13 75 194
13 76 210
13 77 199
13 78 251
13 79 217
13 80 53
13 81 274
13 82 210
13 83 288
13 84 151
13 85 135
13 86 204
13 87 194
13 88 120
13 89 96
13 90 286
13 91 135
13 92 229
13 93 234
13 94 83
13 95 46
13 96 283
13 97 208
13 98 149
13 99 81
14 1 80
14 2 141
14 3 280
14 4 247
14 5 175
14 6 281
14 7 266
14 8 243
14 9 99
14 10 210
14 11 237
14 12 263
14 13 232
14 15 73
14 16 228
14 17 190
14 18 290
14 19 264
14 20 184
14 21 214
14 22 276
14 23 118
14 24 276
14 25 273
14 26 271
14 27 176
14 28 124
14 29 48
14 30 213
14 31 53
14 32 201
14 33 71
14 34 289
14 35 69
14 36 132
14 37 58
14 38 134
14 39 102
14 40 172
14 41 190
14 42 228
14 43 54
14 44 82
14 45 263
14 46 93
14 47 295
14 48 208
14 49 254
14 50 143
14 51 125
14 52 117
14 53 276
14 54 190
14 55 106
14 56 246
14 57 228
14 58 266
14 59 42
14 60 88
14 61 50
14 62 298
14 63 98
14 64 69
14 65 34
14 66 258
14 67 296
14 68 176
14 69 205
14 70 290
14 71 227
14 72 158
14 73 186
14 74 238
14 75 75
14 76 218
14 77 243
14 78 284
14 79 63
14 80 212
14 81 186
14 82 127
14 83 98
14 84 73
14 85 278
14 86 62
14 87 226
14 88 142
14 89 188
14 90 176
14 91 84
14 92 169
14 93 79
14 94 64
14 95 165
14 96 136
14 97 188
14 98 162
14 99 99
15 1 108
15 2 198
15 3 97
15 4 95
15 5 270
15 6 41
15 7 195
15 8 51
15 9 131
15 10 213
15 11 219
15 12 219
15 13 209
15 14 73
15 16 204
15 17 189
15 18 206
15 19 215
15 20 135
15 21 255
15 22 177
15 23 257
15 24 256
15 25 280
15 26 296
15 27 278
15 28 65
15 29 222
15 30 96
15 31 191
15 32 52
15 33 153
15 34 206
15 35 246
15 36 65
15 37 165
15 38 255
15 39 289
15 40 263
15 41 216
15 42 72
15 43 213
15 44 188
15 45 254
15 46 224
15 47 172
15 48 209
15 49 237
15 50 127
15 51 247
15 52 96
15 53 272
15 54 39
15 55 272
15 56 233
15 57 110
15 58 236
15 59 114
15 60 241
15 61 173
15 62 261
15 63 61
15 64 85
15 65 159
15 66 223
15 67 79
15 68 119
15 69 278
15 70 54
15 71 259
15 72 151
15 73 246
15 74 295
15 75 278
15 76 289
15 77 227
15 78 70
15 79 270
15 80 96
15 81 44
15 82 281
15 83 75
15 84 260
15 85 106
15 86 284
15 87 181
15 88 58
15 89 146
15 90 277
15 91 269
15 92 299
15 93 189
15 94 151
15 95 122
15 96 110
15 97 284
15 98 207
15 99 219
16 1 290
16 2 298
16 3 283
16 4 293
16 5 219
16 6 217
16 7 112
16 8 297
16 9 225
16 10 85
16 11 158
16 12 112
16 13 228
16 14 228
16 15 204
16 17 142
16 18 102
16 19 158
16 20 198
16 21 80
16 22 293
16 23 246
16 24 292
16 25 83
16 26 76
16 27 77
16 28 48
16 29 183
16 30 79
16 31 131
16 32 212
16 33 142
16 34 254
16 35 225
16 36 101
16 37 164
16 38 131
16 39 114
16 40 80
16 41 95
16 42 109
16 43 139
16 44 268
16 45 94
16 46 220
16 47 48
16 48 250
16 49 48
16 50 42
16 51 241
16 52 161
16 53 278
16 54 262
16 55 294
16 56 248
16 57 33
16 58 213
16 59 182
16 60 214
16 61 184
16 62 189
16 63 65
16 64 100
16 65 264
16 66 170
16 67 226
16 68 123
16 69 144
16 70 88
16 71 114
16 72 32
16 73 178
16 74 56
16 75 262
16 76 202
16 77 220
16 78 226
16 79 133
16 80 163
16 81 69
16 82 76
16 83 165
16 84 193
16 85 208
16 86 212
16 87 45
16 88 51
16 89 91
16 90 168
16 91 74
16 92 58
16 93 138
16 94 88
16 95 255
16 96 200
16 97 128
16 98 84
16 99 120
17 1 70
17 2 71
17 3 219
17 4 268
17 5 80
17 6 100
17 7 101
17 8 93
17 9 204
17 10 231
17 11 260
17 12 98
17 13 273
17 14 190
17 15 189
17 16 142
17 18 265
17 19 84
17 20 290
17 21 290
17 22 164
17 23 278
17 24 188
17 25 125
17 26 48
17 27 189
17 28 246
17 29 226
17 30 290
17 31 101
17 32 167
17 33 102
17 34 168
17 35 217
17 36 56
17 37 246
17 38 168
17 39 226
17 40 70
17 41 203
17 42 105
17 43 76
17 44 277
17 45 280
17 46 170
17 47 186
17 48 180
17 49 209
17 50 92
17 51 215
17 52 209
17 53 186
17 54 149
17 55 298
17 56 42
17 57 200
17 58 203
17 59 156
17 60 280
17 61 49
17 62 289
17 63 50
17 64 186
17 65 134
17 66 126
17 67 94
17 68 191
17 69 216
17 70 135
17 71 198
17 72 127
17 73 186
17 74 233
17 75 90
17 76 151
17 77 193
17 78 32
17 79 283
17 80 252
17 81 114
17 82 43
17 83 109
17 84 55
17 85 203
17 86 298
17 87 200
17 88 39
17 89 166
17 90 66
17 91 98
17 92 198
17 93 226
17 94 263
17 95 186
17 96 66
17 97 252
17 98 102
17 99 299
18 1 36
18 2 234
18 3 87
18 4 235
18 5 116
18 6 260
18 7 235
18 8 84
18 9 222
18 10 159
18 11 61
18 12 202
18 13 136
18 14 290
18 15 206
18 16 102
18 17 265
18 19 153
18 20 270
18 21 47
18 22 247
18 23 144
18 24 230
18 25 293
18 26 58
18 27 88
18 28 214
18 29 152
18 30 264
18 31 34
18 32 44
18 33 195
18 34 118
18 35 151
18 36 204
18 37 59
18 38 97
18 39 41
18 40 86
18 41 71
18 42 70
18 43 209
18 44 300
18 45 127
18 46 160
18 47 97
18 48 293
18 49 215
18 50 200
18 51 256
18 52 233
18 53 97
18 54 260
18 55 161
18 56 117
18 57 291
18 58 200
18 59 183
18 60 54
18 61 51
18 62 218
18 63 175
18 64 90
18 65 238
18 66 76
18 67 43
18 68 259
18 69 145
18 70 240
18 71 32
18 72 219
18 73 241
18 74 107
18 75 69
18 76 163
18 77 36
18 78 222
18 79 229
18 80 269
18 81 124
18 82 154
18 83 237
18 84 92
18 85 85
18 86 266
18 87 118
18 88 221
18 89 274
18 90 215
18 91 96
18 92 191
18 93 249
18 94 233
18 95 98
18 96 176
18 97 181
18 98 138
18 99 272
19 1 91
19 2 206
19 3 262
19 4 77
19 5 300
19 6 98
19 7 254
19 8 219
19 9 107
19 10 180
19 11 230
19 12 135
19 13 199
19 14 264
19 15 215
19 16 158
19 17 84
19 18 153
19 20 49
19 21 237
19 22 167
19 23 299
19 24 143
19 25 254
19 26 57
19 27 195
19 28 216
19 29 254
19 30 192
19 31 99
19 32 82
19 33 296
19 34 33
19 35 254
19 36 296
19 37 115
19 38 82
19 39 250
19 40 68
19 41 100
19 42 113
19 43 38
19 44 51
19 45 48
19 46 54
19 47 268
19 48 117
19 49 124
19 50 80
19 51 51
19 52 102
19 53 209
19 54 182
19 55 294
19 56 161
19 57 287
19 58 123
19 59 132
19 60 64
19 61 281
19 62 157
19 63 98
19 64 190
19 65 56
19 66 197
19 67 61
19 68 188
19 69 120
19 70 161
19 71 280
19 72 31
19 73 283
19 74 114
19 75 193
19 76 106
19 77 70
19 78 50
19 79 93
19 80 91
19 81 264
19 82 242
19 83 121
19 84 99
19 85 174
19 86 136
19 87 107
19 88 151
19 89 230
19 90 182
19 91 118
19 92 297
19 93 204
19 94 203
19 95 135
19 96 219
19 97 81
19 98 116
19 99 253
20 1 47
20 2 36
20 3 278
20 4 256
20 5 291
20 6 58
20 7 254
20 8 173
20 9 57
20 10 171
20 11 141
20 12 243
20 13 286
20 14 184
20 15 135
20 16 198
20 17 290
20 18 270
20 19 49
20 21 129
20 22 184
20 23 221
20 24 216
20 25 119
20 26 262
20 27 204
20 28 292
20 29 183
20 30 259
20 31 182
20 32 191
20 33 114
20 34 217
20 35 145
20 36 126
20 37 59
20 38 189
20 39 208
20 40 191
20 41 32
20 42 298
20 43 65
20 44 247
20 45 122
20 46 180
20 47 138
20 48 36
20 49 53
20 50 128
20 51 220
20 52 213
20 53 209
20 54 266
20 55 92
20 56 82
20 57 53
20 58 283
20 59 128
20 60 162
20 61 121
20 62 271
20 63 191
20 64 236
20 65 89
20 66 129
20 67 58
20 68 61
20 69 180
20 70 123
20 71 240
20 72 229
20 73 56
20 74 96
20 75 116
20 76 234
20 77 297
20 78 231
20 79 230
20 80 249
20 81 211
20 82 236
20 83 152
20 84 157
20 85 254
20 86 168
20 87 73
20 88 175
20 89 298
20 90 43
20 91 140
20 92 219
20 93 84
20 94 180
20 95 48
20 96 53
20 97 31
20 98 157
20 99 99
21 1 149
21 2 70
21 3 111
21 4 153
21 5 295
21 6 188
21 7 245
21 8 233
21 9 82
21 10 33
21 11 189
21 12 228
21 13 37
21 14 214
21 15 255
21 16 80
21 17 290
21 18 47
21 19 237
21 20 129
21 22 189
21 23 213
21 24 268
21 25 82
21 26 151
21 27 282
21 28 193
21 29 265
21 30 285
21 31 273
21 32 36
21 33 60
21 34 150
21 35 31
21 36 284
21 37 140
21 38 33
21 39 142
21 40 188
21 41 199
21 42 282
21 43 102
21 44 83
21 45 102
21 46 178
21 47 245
21 48 143
21 49 51
21 50 162
21 51 200
21 52 165
21 53 223
21 54 70
21 55 174
21 56 99
21 57 80
21 58 276
21 59 126
21 60 277
21 61 126
21 62 32
21 63 64
21 64 187
21 65 209
21 66 253
21 67 149
21 68 75
21 69 133
21 70 256
21 71 205
21 72 53
21 73 50
21 74 204
21 75 118
21 76 57
21 77 136
21 78 262
21 79 169
21 80 89
21 81 39
21 82 216
21 83 133
21 84 169
21 85 171
21 86 171
21 87 283
21 88 55
21 89 209
21 90 149
21 91 272
21 92 96
21 93 279
21 94 69
21 95 90
21 96 81
21 97 271
21 98 278
21 99 35
22 1 287
22 2 187
22 3 230
22 4 236
22 5 230
22 6 133
22 7 64
22 8 140
22 9 86
22 10 102
22 11 257
22 12 244
22 13 126
22 14 276
22 15 177
22 16 293
22 17 164
22 18 247
22 19 167
22 20 184
22 21 189
22 23 47
22 24 118
22 25 264
22 26 121
22 27 156
22 28 43
22 29 163
22 30 49
22 31 260
22 32 259
22 33 126
22 34 154
22 35 248
22 36 44
22 37 240
22 38 95
22 39 214
22 40 41
22 41 40
22 42 292
22 43 210
22 44 239
22 45 173
22 46 262
22 47 143
22 48 209
22 49 270
22 50 119
22 51 267
22 52 190
22 53 55
22 54 109
22 55 227
22 56 276
22 57 215
22 58 285
22 59 187
22 60 78
22 61 88
22 62 166
22 63 189
22 64 78
22 65 243
22 66 38
22 67 276
22 68 200
22 69 278
22 70 74
22 71 118
22 72 128
22 73 53
22 74 108
22 75 233
22 76 286
22 77 59
22 78 182
22 79 228
22 80 106
22 81 83
22 82 69
22 83 256
22 84 228
22 85 233
22 86 108
22 87 288
22 88 40
22 89 171
22 90 55
22 91 204
22 92 163
22 93 226
22 94 95
22 95 153
22 96 260
22 97 38
22 98 183
22 99 210
23 1 36
23 2 38
23 3 46
23 4 100
23 5 165
23 6 225
23 7 258
23 8 223
23 9 211
23 10 150
23 11 293
23 12 135
23 13 142
23 14 118
23 15 257
23 16 246
23 17 278
23 18 144
23 19 299
23 20 221
23 21 213
23 22 47
23 24 241
23 25 52
23 26 185
23 27 146
23 28 117
23 29 78
23 30 144
23 31 235
23 32 68
23 33 263
23 34 194
23 35 94
23 36 90
23 37 94
23 38 223
23 39 271
23 40 129
23 41 227
23 42 68
23 43 203
23 44 149
23 45 82
23 46 138
23 47 207
23 48 195
23 49 107
23 50 122
23 51 251
23 52 116
23 53 144
23 54 209
23 55 151
23 56 294
23 57 210
23 58 71
23 59 66
23 60 159
23 61 126
23 62 235
23 63 76
23 64 57
23 65 295
23 66 74
23 67 248
23 68 296
23 69 260
23 70 108
23 71 195
23 72 93
23 73 285
23 74 282
23 75 109
23 76 123
23 77 254
23 78 84
23 79 167
23 80 41
23 81 163
23 82 257
23 83 154
23 84 172
23 85 177
23 86 132
23 87 192
23 88 170
23 89 42
23 90 160
23 91 180
23 92 34
23 93 225
23 94 272
23 95 69
23 96 115
23 97 41
23 98 62
23 99 186
24 1 172
24 2 295
24 3 149
24 4 65
24 5 99
24 6 252
24 7 79
24 8 272
24 9 45
24 10 224
24 11 44
24 12 234
24 13 154
24 14 276
24 15 256
24 16 292
24 17 188
24 18 230
24 19 143
24 20 216
24 21 268
24 22 118
24 23 241
24 25 80
24 26 205
24 27 263
24 28 82
24 29 180
24 30 210
24 31 123
24 32 134
24 33 110
24 34 224
24 35 250
24 36 226
24 37 256
24 38 84
24 39 113
24 40 224
24 41 177
24 42 88
24 43 282
24 44 104
24 45 233
24 46 291
24 47 264
24 48 71
24 49 204
24 50 70
24 51 52
24 52 71
24 53 90
24 54 108
24 55 127
24 56 291
24 57 249
24 58 246
24 59 50
24 60 207
24 61 263
24 62 288
24 63 100
24 64 236
24 65 135
24 66 90
24 67 54
24 68 226
24 69 131
24 70 282
24 71 191
24 72 223
24 73 195
24 74 111
24 75 147
24 76 145
24 77 100
24 78 66
24 79 81
24 80 134
24 81 184
24 82 99
24 83 185
24 84 274
24 85 300
24 86 39
24 87 153
24 88 67
24 89 113
24 90 81
24 91 63
24 92 256
24 93 136
24 94 257
24 95 292
24 96 250
24 97 193
24 98 233
24 99 129
25 1 87
25 2 183
25 3 217
25 4 120
25 5 211
25 6 259
25 7 244
25 8 57
25 9 122
25 10 204
25 11 110
25 12 205
25 13 71
25 14 273
25 15 280
25 16 83
25 17 125
25 18 293
25 19 254
25 20 119
25 21 82
25 22 264
25 23 52
25 24 80
25 26 281
25 27 295
25 28 35
25 29 227
25 30 68
25 31 270
25 32 233
25 33 291
25 34 90
25 35 210
25 36 170
25 37 154
25 38 134
25 39 48
25 40 282
25 41 32
25 42 226
25 43 129
25 44 65
25 45 120
25 46 163
25 47 156
25 48 262
25 49 205
25 50 222
25 51 82
25 52 254
25 53 187
25 54 286
25 55 58
25 56 221
25 57 207
25 58 72
25 59 220
25 60 203
25 61 73
25 62 248
25 63 216
25 64 222
25 65 287
25 66 210
25 67 209
25 68 300
25 69 39
25 70 131
25 71 242
25 72 255
25 73 142
25 74 42
25 75 122
25 76 272
25 77 95
25 78 78
25 79 150
25 80 116
25 81 253
25 82 290
25 83 205
25 84 287
25 85 90
25 86 236
25 87 218
25 88 196
25 89 252
25 90 231
25 91 167
25 92 91
25 93 297
25 94 207
25 95 211
25 96 156
25 97 117
25 98 155
25 99 147
26 1 210
26 2 159
26 3 290
26 4 208
26 5 198
26 6 91
26 7 230
26 8 297
26 9 269
26 10 37
26 11 126
26 12 280
26 13 203
26 14 271
26 15 296
26 16 76
26 17 48
26 18 58
26 19 57
26 20 262
26 21 151
26 22 121
26 23 185
26 24 205
26 25 281
26 27 35
26 28 265
26 29 173
26 30 182
26 31 99
26 32 276
26 33 262
26 34 291
26 35 252
26 36 234
26 37 283
26 38 99
26 39 242
26 40 166
26 41 83
26 42 128
26 43 225
26 44 103
26 45 65
26 46 259
26 47 31
26 48 41
26 49 282
26 50 59
26 51 271
26 52 171
26 53 152
26 54 76
26 55 269
26 56 282
26 57 64
26 58 58
26 59 257
26 60 121
26 61 156
26 62 151
26 63 91
26 64 229
26 65 277
26 66 231
26 67 297
26 68 203
26 69 255
26 70 243
26 71 180
26 72 56
26 73 158
26 74 274
26 75 227
26 76 137
26 77 277
26 78 254
26 79 109
26 80 73
26 81 281
26 82 216
26 83 104
26 84 96
26 85 150
26 86 67
26 87 215
26 88 156
26 89 182
26 90 129
26 91 236
26 92 241
26 93 42
26 94 276
26 95 233
26 96 139
26 97 275
26 98 199
26 99 209
27 1 193
27 2 96
27 3 201
27 4 264
27 5 180
27 6 181
27 7 300
27 8 217
27 9 77
27 10 203
27 11 234
27 12 66
27 13 127
27 14 176
27 15 278
27 16 77
27 17 189
27 18 88
27 19 195
27 20 204
27 21 282
27 22 156
27 23 146
27 24 263
27 25 295
27 26 35
27 28 180
27 29 241
27 30 234
27 31 31
27 32 278
27 33 128
27 34 137
27 35 100
27 36 260
27 37 158
27 38 150
27 39 247
27 40 258
27 41 81
27 42 45
27 43 147
27 44 108
27 45 91
27 46 259
27 47 162
27 48 230
27 49 92
27 50 295
27 51 225
27 52 36
27 53 161
27 54 38
27 55 133
27 56 101
27 57 191
27 58 221
27 59 300
27 60 119
27 61 281
27 62 238
27 63 225
27 64 234
27 65 78
27 66 151
27 67 152
27 68 97
27 69 110
27 70 227
27 71 185
27 72 277
27 73 51
27 74 264
27 75 292
27 76 193
27 77 89
27 78 203
27 79 245
27 80 178
27 81 202
27 82 133
27 83 243
27 84 221
27 85 114
27 86 89
27 87 133
27 88 102
27 89 125
27 90 105
27 91 274
27 92 265
27 93 218
27 94 77
27 95 132
27 96 240
27 97 59
27 98 210
27 99 152
28 1 202
28 2 109
28 3 283
28 4 113
28 5 72
28 6 161
28 7 214
28 8 238
28 9 213
28 10 162
28 11 256
28 12 88
28 13 85
28 14 124
28 15 65
28 16 48
28 17 246
28 18 214
28 19 216
28 20 292
28 21 193
28 22 43
28 23 117
28 24 82
28 25 35
28 26 265
28 27 180
28 29 166
28 30 62
28 31 110
28 32 179
28 33 131
28 34 217
28 35 179
28 36 53
28 37 211
28 38 279
28 39 31
28 40 102
28 41 146
28 42 127
28 43 279
28 44 137
28 45 252
28 46 173
28 47 296
28 48 273
28 49 133
28 50 98
28 51 160
28 52 137
28 53 250
28 54 176
28 55 182
28 56 183
28 57 50
28 58 78
28 59 42
28 60 67
28 61 98
28 62 225
28 63 190
28 64 65
28 65 98
28 66 142
28 67 225
28 68 41
28 69 161
28 70 238
28 71 270
28 72 282
28 73 134
28 74 97
28 75 58
28 76 40
28 77 60
28 78 110
28 79 67
28 80 190
28 81 78
28 82 82
28 83 84
28 84 224
28 85 107
28 86 204
28 87 244
28 88 162
28 89 78
28 90 111
28 91 231
28 92 233
28 93 237
28 94 68
28 95 216
28 96 184
28 97 296
28 98 43
28 99 164
29 1 55
29 2 289
29 3 204
29 4 291
29 5 253
29 6 244
29 7 42
29 8 87
29 9 39
29 10 157
29 11 141
29 12 251
29 13 293
29 14 48
29 15 222
29 16 183
29 17 226
29 18 152
29 19 254
29 20 183
29 21 265
29 22 163
29 23 78
29 24 180
29 25 227
29 26 173
29 27 241
29 28 166
29 30 169
29 31 164
29 32 257
29 33 139
29 34 155
29 35 214
29 36 146
29 37 142
29 38 293
29 39 255
29 40 90
29 41 211
29 42 167
29 43 57
29 44 145
29 45 117
29 46 60
29 47 42
29 48 273
29 49 233
29 50 242
29 51 197
29 52 53
29 53 204
29 54 146
29 55 159
29 56 269
29 57 233
29 58 136
29 59 291
29 60 192
29 61 281
29 62 273
29 63 140
29 64 178
29 65 293
29 66 222
29 67 66
29 68 107
29 69 136
29 70 46
29 71 227
29 72 228
29 73 121
29 74 223
29 75 104
29 76 40
29 77 181
29 78 65
29 79 138
29 80 291
29 81 152
29 82 103
29 83 174
29 84 227
29 85 275
29 86 39
29 87 179
29 88 190
29 89 85
29 90 181
29 91 82
29 92 79
29 93 205
29 94 142
29 95 42
29 96 217
29 97 167
29 98 110
29 99 189
30 1 145
30 2 37
30 3 163
30 4 72
30 5 269
30 6 141
30 7 66
30 8 95
30 9 254
30 10 295
30 11 113
30 12 117
30 13 250
30 14 213
30 15 96
30 16 79
30 17 290
30 18 264
30 19 192
30 20 259
30 21 285
30 22 49
30 23 144
30 24 210
30 25 68
30 26 182
30 27 234
30 28 62
30 29 169
30 31 130
30 32 218
30 33 240
30 34 189
30 35 230
30 36 169
30 37 124
30 38 188
30 39 213
30 40 283
30 41 117
30 42 224
30 43 254
30 44 179
30 45 212
30 46 128
30 47 210
30 48 189
30 49 227
30 50 106
30 51 126
30 52 63
30 53 110
30 54 141
30 55 154
30 56 103
30 57 38
30 58 211
30 59 258
30 60 220
30 61 237
30 62 199
30 63 120
30 64 128
30 65 63
30 66 97
30 67 137
30 68 218
30 69 47
30 70 153
30 71 99
30 72 209
30 73 183
30 74 229
30 75 155
30 76 117
30 77 85
30 78 100
30 79 79
30 80 180
30 81 259
30 82 268
30 83 143
30 84 117
30 85 300
30 86 124
30 87 99
30 88 137
30 89 186
30 90 288
30 91 156
30 92 149
30 93 220
30 94 64
30 95 155
30 96 140
30 97 291
30 98 135
30 99 37
31 1 151
31 2 183
31 3 100
31 4 144
31 5 69
31 6 45
31 7 231
31 8 219
31 9 160
31 10 117
31 11 277
31 12 140
31 13 32
31 14 53
31 15 191
31 16 131
31 17 101
31 18 34
31 19 99
31 20 182
31 21 273
31 22 260
31 23 235
31 24 123
31 25 270
31 26 99
31 27 31
31 28 110
31 29 164
31 30 130
31 32 276
31 33 262
31 34 289
31 35 154
31 36 59
31 37 299
31 38 34
31 39 127
31 40 285
31 41 185
31 42 104
31 43 166
31 44 63
31 45 174
31 46 88
31 47 165
31 48 38
31 49 33
31 50 255
31 51 211
31 52 31
31 53 143
31 54 202
31 55 283
31 56 155
31 57 83
31 58 261
31 59 188
31 60 196
31 61 98
31 62 187
31 63 68
31 64 226
31 65 33
31 66 137
31 67 248
31 68 202
31 69 131
31 70 148
31 71 146
31 72 299
31 73 93
31 74 53
31 75 180
31 76 73
31 77 51
31 78 216
31 79 256
31 80 78
31 81 220
31 82 197
31 83 227
31 84 230
31 85 224
31 86 255
31 87 147
31 88 274
31 89 187
31 90 117
31 91 214
31 92 280
31 93 153
31 94 265
31 95 212
31 96 240
31 97 198
31 98 213
31 99 60
32 1 88
32 2 115
32 3 45
32 4 194
32 5 126
32 6 71
32 7 104
32 8 150
32 9 62
32 10 263
32 11 270
32 12 43
32 13 189
32 14 201
32 15 52
32 16 212
32 17 167
32 18 44
32 19 82
32 20 191
32 21 36
32 22 259
32 23 68
32 24 134
32 25 233
32 26 276
32 27 278
32 28 179
32 29 257
32 30 218
32 31 276
32 33 166
32 34 225
32 35 41
32 36 57
32 37 44
32 38 285
32 39 56
32 40 53
32 41 119
32 42 91
32 43 81
32 44 67
32 45 226
32 46 41
32 47 49
32 48 197
32 49 158
32 50 138
32 51 104
32 52 163
32 53 136
32 54 114
32 55 267
32 56 107
32 57 186
32 58 55
32 59 300
32 60 41
32 61 197
32 62 90
32 63 247
32 64 256
32 65 158
32 66 128
32 67 289
32 68 290
32 69 151
32 70 31
32 71 266
32 72 210
32 73 171
32 74 274
32 75 110
32 76 251
32 77 190
32 78 254
32 79 166
32 80 40
32 81 210
32 82 76
32 83 46
32 84 105
32 85 189
32 86 141
32 87 65
32 88 103
32 89 30
32 90 132
32 91 83
32 92 292
32 93 206
32 94 84
32 95 220
32 96 212
32 97 116
32 98 91
32 99 177
33 1 32
33 2 161
33 3 96
33 4 265
33 5 235
33 6 157
33 7 178
33 8 168
33 9 92
33 10 122
33 11 124
33 12 280
33 13 114
33 14 71
33 15 153
33 16 142
33 17 102
33 18 195
33 19 296
33 20 114
33 21 60
33 22 126
33 23 263
33 24 110
33 25 291
33 26 262
33 27 128
33 28 131
33 29 139
33 30 240
33 31 262
33 32 166
33 34 216
33 35 144
33 36 50
33 37 286
33 38 145
33 39 292
33 40 178
33 41 251
33 42 166
33 43 254
33 44 264
33 45 253
33 46 38
33 47 139
33 48 250
33 49 63
33 50 90
33 51 246
33 52 162
33 53 103
33 54 240
33 55 213
33 56 284
33 57 119
33 58 256
33 59 54
33 60 97
33 61 44
33 62 161
33 63 252
33 64 242
33 65 268
33 66 210
33 67 88
33 68 59
33 69 101
33 70 225
33 71 185
33 72 186
33 73 63
33 74 217
33 75 298
33 76 232
33 77 290
33 78 75
33 79 151
33 80 169
33 81 50
33 82 192
33 83 225
33 84 245
33 85 266
33 86 65
33 87 39
33 88 291
33 89 120
33 90 124
33 91 78
33 92 149
33 93 221
33 94 175
33 95 211
33 96 62
33 97 296
33 98 176
33 99 41
34 1 64
34 2 83
34 3 186
34 4 166
34 5 202
34 6 272
34 7 271
34 8 135
34 9 44
34 10 66
34 11 78
34 12 120
34 13 192
34 14 289
34 15 206
34 16 254
34 17 168
34 18 118
34 19 33
34 20 217
34 21 150
34 22 154
34 23 194
34 24 224
34 25 90
34 26 291
34 27 137
34 28 217
34 29 155
34 30 189
34 31 289
34 32 225
34 33 216
34 35 103
34 36 271
34 37 273
34 38 183
34 39 98
34 40 201
34 41 212
34 42 277
34 43 199
34 44 245
34 45 246
34 46 234
34 47 61
34 48 174
34 49 295
34 50 271
34 51 290
34 52 127
34 53 242
34 54 156
34 55 266
34 56 160
34 57 209
34 58 60
34 59 46
34 60 112
34 61 32
34 62 47
34 63 106
34 64 291
34 65 112
34 66 278
34 67 30
34 68 50
34 69 296
34 70 31
34 71 200
34 72 272
34 73 195
34 74 51
34 75 95
34 76 241
34 77 279
34 78 267
34 79 264
34 80 155
34 81 249
34 82 147
34 83 46
34 84 159
34 85 148
34 86 36
34 87 147
34 88 174
34 89 48
34 90 181
34 91 119
34 92 57
34 93 298
34 94 186
34 95 134
34 96 169
34 97 86
34 98 268
34 99 136
35 1 37
35 2 52
35 3 168
35 4 99
35 5 185
35 6 222
35 7 123
35 8 91
35 9 279
35 10 159
35 11 152
35 12 221
35 13 141
35 14 69
35 15 246
35 16 225
35 17 217
35 18 151
35 19 254
35 20 145
35 21 31
35 22 248
35 23 94
35 24 250
35 25 210
35 26 252
35 27 100
35 28 179
35 29 214
35 30 230
35 31 154
35 32 41
35 33 144
35 34 103
35 36 129
35 37 82
35 38 255
35 39 176
35 40 84
35 41 184
35 42 273
35 43 117
35 44 148
35 45 258
35 46 52
35 47 81
35 48 34
35 49 72
35 50 91
35 51 103
35 52 143
35 53 147
35 54 252
35 55 114
35 56 102
35 57 125
35 58 191
35 59 213
35 60 88
35 61 284
35 62 85
35 63 236
35 64 120
35 65 74
35 66 63
35 67 55
35 68 77
35 69 76
35 70 219
35 71 66
35 72 120
35 73 104
35 74 225
35 75 209
35 76 46
35 77 222
35 78 171
35 79 295
35 80 64
35 81 236
35 82 264
35 83 153
35 84 122
35 85 217
35 86 90
35 87 121
35 88 207
35 89 40
35 90 300
35 91 213
35 92 164
35 93 42
35 94 212
35 95 181
35 96 109
35 97 173
35 98 288
35 99 49
36 1 150
36 2 83
36 3 154
36 4 236
36 5 112
36 6 296
36 7 269
36 8 285
36 9 63
36 10 170
36 11 221
36 12 83
36 13 72
36 14 132
36 15 65
36 16 101
36 17 56
36 18 204
36 19 296
36 20 126
36 21 284
36 22 44
36 23 90
36 24 226
36 25 170
36 26 234
36 27 260
36 28 53
36 29 146
36 30 169
36 31 59
36 32 57
36 33 50
36 34 271
36 35 129
36 37 141
36 38 228
36 39 272
36 40 62
36 41 178
36 42 224
36 43 156
36 44 92
36 45 144
36 46 91
36 47 68
36 48 138
36 49 202
36 50 165
36 51 200
36 52 234
36 53 266
36 54 238
36 55 193
36 56 184
36 57 291
36 58 266
36 59 207
36 60 116
36 61 299
36 62 181
36 63 217
36 64 156
36 65 284
36 66 259
36 67 111
36 68 162
36 69 257
36 70 84
36 71 139
36 72 36
36 73 140
36 74 96
36 75 293
36 76 45
36 77 39
36 78 219
36 79 58
36 80 245
36 81 200
36 82 48
36 83 53
36 84 50
36 85 72
36 86 166
36 87 181
36 88 170
36 89 69
36 90 35
36 91 293
36 92 118
36 93 105
36 94 171
36 95 137
36 96 187
36 97 58
36 98 109
36 99 197
37 1 35
37 2 140
37 3 209
37 4 63
37 5 107
37 6 157
37 7 76
37 8 149
37 9 106
37 10 187
37 11 140
37 12 214
37 13 54
37 14 58
37 15 165
37 16 164
37 17 246
37 18 59
37 19 115
37 20 59
37 21 140
37 22 240
37 23 94
37 24 256
37 25 154
37 26 283
37 27 158
37 28 211
37 29 142
37 30 124
37 31 299
37 32 44
37 33 286
37 34 273
37 35 82
37 36 141
37 38 121
37 39 68
37 40 95
37 41 281
37 42 89
37 43 287
37 44 88
37 45 70
37 46 42
37 47 42
37 48 86
37 49 105
37 50 68
37 51 161
37 52 218
37 53 153
37 54 106
37 55 202
37 56 147
37 57 94
37 58 147
37 59 251
37 60 85
37 61 264
37 62 227
37 63 147
37 64 90
37 65 63
37 66 194
37 67 251
37 68 265
37 69 216
37 70 73
37 71 211
37 72 171
37 73 173
37 74 201
37 75 241
37 76 131
37 77 241
37 78 270
37 79 296
37 80 202
37 81 297
37 82 186
37 83 224
37 84 69
37 85 279
37 86 38
37 87 159
37 88 263
37 89 84
37 90 48
37 91 294
37 92 85
37 93 234
37 94 265
37 95 275
37 96 225
37 97 86
37 98 119
37 99 153
38 1 156
38 2 34
38 3 73
38 4 297
38 5 81
38 6 32
38 7 172
38 8 119
38 9 293
38 10 240
38 11 222
38 12 201
38 13 286
38 14 134
38 15 255
38 16 131
38 17 168
38 18 97
38 19 82
38 20 189
38 21 33
38 22 95
38 23 223
38 24 84
38 25 134
38 26 99
38 27 150
38 28 279
38 29 293
38 30 188
38 31 34
38 32 285
38 33 145
38 34 183
38 35 255
38 36 228
38 37 121
38 39 74
38 40 295
38 41 209
38 42 89
38 43 180
38 44 75
38 45 252
38 46 173
38 47 289
38 48 256
38 49 205
38 50 122
38 51 123
38 52 87
38 53 49
38 54 287
38 55 149
38 56 206
38 57 52
38 58 75
38 59 94
38 60 115
38 61 63
38 62 150
38 63 97
38 64 181
38 65 263
38 66 176
38 67 128
38 68 205
38 69 215
38 70 279
38 71 66
38 72 219
38 73 34
38 74 275
38 75 32
38 76 101
38 77 65
38 78 263
38 79 216
38 80 242
38 81 169
38 82 33
38 83 90
38 84 256
38 85 113
38 86 136
38 87 179
38 88 183
38 89 63
38 90 37
38 91 162
38 92 231
38 93 205
38 94 161
38 95 112
38 96 232
38 97 31
38 98 209
38 99 127
39 1 258
39 2 91
39 3 215
39 4 238
39 5 147
39 6 39
39 7 156
39 8 294
39 9 285
39 10 199
39 11 282
39 12 185
39 13 124
39 14 102
39 15 289
39 16 114
39 17 226
39 18 41
39 19 250
39 20 208
39 21 142
39 22 214
39 23 271
39 24 113
39 25 48
39 26 242
39 27 247
39 28 31
39 29 255
39 30 213
39 31 127
39 32 56
39 33 292
39 34 98
39 35 176
39 36 272
39 37 68
39 38 74
39 40 39
39 41 246
39 42 30
39 43 111
39 44 36
39 45 257
39 46 195
39 47 111
39 48 167
39 49 237
39 50 124
39 51 88
39 52 205
39 53 199
39 54 229
39 55 218
39 56 125
39 57 269
39 58 92
39 59 250
39 60 31
39 61 196
39 62 262
39 63 152
39 64 275
39 65 186
39 66 264
39 67 197
39 68 98
39 69 255
39 70 282
39 71 47
39 72 217
39 73 290
39 74 56
39 75 211
39 76 204
39 77 121
39 78 136
39 79 287
39 80 227
39 81 128
39 82 297
39 83 223
39 84 183
39 85 42
39 86 281
39 87 150
39 88 154
39 89 217
39 90 84
39 91 254
39 92 38
39 93 151
39 94 88
39 95 205
39 96 118
39 97 118
39 98 287
39 99 170
40 1 182
40 2 228
40 3 212
40 4 239
40 5 80
40 6 71
40 7 175
40 8 44
40 9 96
40 10 128
40 11 158
40 12 39
40 13 176
40 14 172
40 15 263
40 16 80
40 17 70
40 18 86
40 19 68
40 20 191
40 21 188
40 22 41
40 23 129
40 24 224
40 25 282
40 26 166
40 27 258
40 28 102
40 29 90
40 30 283
40 31 285
40 32 53
40 33 178
40 34 201
40 35 84
40 36 62
40 37 95
40 38 295
40 39 39
40 41 224
40 42 87
40 43 78
40 44 140
40 45 185
40 46 199
40 47 281
40 48 244
40 49 224
40 50 213
40 51 72
40 52 75
40 53 252
40 54 165
40 55 187
40 56 178
40 57 300
40 58 237
40 59 146
40 60 206
40 61 149
40 62 299
40 63 255
40 64 49
40 65 288
40 66 268
40 67 170
40 68 161
40 69 173
40 70 130
40 71 211
40 72 86
40 73 238
40 74 134
40 75 81
40 76 122
40 77 176
40 78 235
40 79 263
40 80 284
40 81 245
40 82 137
40 83 177
40 84 187
40 85 65
40 86 270
40 87 129
40 88 278
40 89 275
40 90 111
40 91 214
40 92 178
40 93 99
40 94 274
40 95 286
40 96 219
40 97 192
40 98 199
40 99 212
41 1 232
41 2 263
41 3 72
41 4 103
41 5 33
41 6 31
41 7 32
41 8 50
41 9 236
41 10 95
41 11 36
41 12 99
41 13 250
41 14 190
41 15 216
41 16 95
41 17 203
41 18 71
41 19 100
41 20 32
41 21 199
41 22 40
41 23 227
41 24 177
41 25 32
41 26 83
41 27 81
41 28 146
41 29 211
41 30 117
41 31 185
41 32 119
41 33 251
41 34 212
41 35 184
41 36 178
41 37 281
41 38 209
41 39 246
41 40 224
41 42 42
41 43 100
41 44 168
41 45 273
41 46 35
41 47 242
41 48 130
41 49 100
41 50 96
41 51 253
41 52 127
41 53 193
41 54 160
41 55 180
41 56 119
41 57 167
41 58 44
41 59 285
41 60 218
41 61 233
41 62 90
41 63 191
41 64 281
41 65 213
41 66 36
41 67 60
41 68 188
41 69 160
41 70 180
41 71 68
41 72 31
41 73 286
41 74 191
41 75 115
41 76 101
41 77 227
41 78 257
41 79 255
41 80 216
41 81 88
41 82 118
41 83 222
41 84 71
41 85 290
41 86 258
41 87 74
41 88 168
41 89 43
41 90 123
41 91 266
41 92 243
41 93 137
41 94 125
41 95 47
41 96 153
41 97 204
41 98 282
41 99 188
42 1 291
42 2 142
42 3 110
42 4 109
42 5 217
42 6 156
42 7 35
42 8 134
42 9 272
42 10 50
42 11 84
42 12 242
42 13 212
42 14 228
42 15 72
42 16 109
42 17 105
42 18 70
42 19 113
42 20 298
42 21 282
42 22 292
42 23 68
42 24 88
42 25 226
42 26 128
42 27 45
42 28 127
42 29 167
42 30 224
42 31 104
42 32 91
42 33 166
42 34 277
42 35 273
42 36 224
42 37 89
42 38 89
42 39 30
42 40 87
42 41 42
42 43 194
42 44 175
42 45 213
42 46 209
42 47 210
42 48 231
42 49 223
42 50 63
42 51 204
42 52 66
42 53 183
42 54 69
42 55 207
42 56 200
42 57 50
42 58 193
42 59 188
42 60 89
42 61 61
42 62 219
42 63 204
42 64 184
42 65 181
42 66 223
42 67 90
42 68 267
42 69 234
42 70 102
42 71 269
42 72 257
42 73 244
42 74 163
42 75 199
42 76 119
42 77 268
42 78 88
42 79 90
42 80 259
42 81 221
42 82 223
42 83 264
42 84 45
42 85 293
42 86 68
42 87 63
42 88 285
42 89 67
42 90 181
42 91 37
42 92 79
42 93 293
42 94 77
42 95 187
42 96 59
42 97 232
42 98 104
42 99 181
43 1 260
43 2 218
43 3 237
43 4 260
43 5 104
43 6 234
43 7 108
43 8 169
43 9 211
43 10 196
43 11 274
43 12 211
43 13 31
43 14 54
43 15 213
43 16 139
43 17 76
43 18 209
43 19 38
43 20 65
43 21 102
43 22 210
43 23 203
43 24 282
43 25 129
43 26 225
43 27 147
43 28 279
43 29 57
43 30 254
43 31 166
43 32 81
43 33 254
