s 6 297
s 16 288
s 18 44
s 21 46
s 25 192
s 29 149
s 35 215
s 41 145
s 44 191
s 47 145
s 48 83
s 49 106
s 50 66
s 54 186
s 57 297
s 62 233
s 69 61
s 72 86
s 73 280
s 81 87
s 82 286
s 85 249
s 90 225
s 91 188
s 92 37
1 7 241
1 8 43
1 9 47
1 11 209
1 18 93
1 21 113
1 24 220
1 32 127
1 47 279
1 60 196
1 63 220
1 65 168
1 66 205
1 69 93
1 71 183
1 80 268
1 83 291
1 89 171
1 96 46
1 98 295
2 7 190
2 8 79
2 12 269
2 13 146
2 21 289
2 24 74
2 36 196
2 38 180
2 40 120
2 45 282
2 46 272
2 47 78
2 49 239
2 50 293
2 51 212
2 55 117
2 57 247
2 67 110
2 72 34
2 85 98
2 89 192
2 97 84
2 99 202
3 9 212
3 17 57
3 18 215
3 28 167
3 31 76
3 34 74
3 35 160
3 40 160
3 43 170
3 50 224
3 54 138
3 55 119
3 60 141
3 67 298
3 71 200
3 86 197
3 93 108
3 98 48
4 5 123
4 11 240
4 17 83
4 20 106
4 32 202
4 34 260
4 36 79
4 37 214
4 39 262
4 42 93
4 45 175
4 50 208
4 56 112
4 57 96
4 59 292
4 62 113
4 63 228
4 67 126
4 68 121
4 70 90
4 72 199
4 76 103
4 79 167
4 80 107
4 81 206
4 83 221
4 87 209
4 88 273
5 4 123
5 6 119
5 17 290
5 18 268
5 22 221
5 27 222
5 38 52
5 47 148
5 49 58
5 51 137
5 54 105
5 57 72
5 61 56
5 63 215
5 71 73
5 73 161
5 76 42
5 80 236
5 81 257
5 82 106
5 88 164
5 89 226
5 92 262
5 93 71
5 95 277
5 96 117
5 98 290
6 5 119
6 7 173
6 15 272
6 22 229
6 24 197
6 26 183
6 29 70
6 30 157
6 38 213
6 42 156
6 50 39
6 53 259
6 56 85
6 61 242
6 70 78
6 71 172
6 77 71
6 78 257
6 80 214
6 87 46
6 89 196
7 1 241
7 2 190
7 6 173
7 8 148
7 9 188
7 17 78
7 27 115
7 31 149
7 49 197
7 52 144
7 54 208
7 58 246
7 64 233
7 76 156
7 87 46
7 95 137
7 98 184
8 1 43
8 2 79
8 7 148
8 12 254
8 13 160
8 14 117
8 15 202
8 16 257
8 17 90
8 19 153
8 21 132
8 24 40
8 33 47
8 34 274
8 35 149
8 42 93
8 48 254
8 50 163
8 51 217
8 55 106
8 61 206
8 63 97
8 83 127
8 84 162
8 85 168
8 89 168
8 91 286
8 97 53
8 98 225
9 1 47
9 3 212
9 7 188
9 12 194
9 27 122
9 31 96
9 39 147
9 44 294
9 47 124
9 51 89
9 54 193
9 59 205
9 61 207
9 66 279
9 71 131
9 77 266
9 79 87
9 90 132
9 93 125
9 94 277
9 97 269
9 98 55
10 15 294
10 16 279
10 28 162
10 29 267
10 33 217
10 38 299
10 44 68
10 46 124
10 47 238
10 53 97
10 58 94
10 60 80
10 62 156
10 65 185
10 71 248
10 73 237
10 74 190
10 78 230
10 86 154
10 87 241
10 96 151
10 98 110
11 1 209
11 4 240
11 12 289
11 20 54
11 22 31
11 35 167
11 40 62
11 48 36
11 52 290
11 63 292
11 65 94
11 68 299
11 73 293
11 85 282
11 89 47
11 98 154
12 2 269
12 8 254
12 9 194
12 11 289
12 21 169
12 26 287
12 28 40
12 44 117
12 45 177
12 49 34
12 58 147
12 63 98
12 69 292
12 70 38
12 77 62
12 80 182
12 88 79
12 89 230
12 90 179
12 92 55
12 97 127
13 2 146
13 8 160
13 15 33
13 18 189
13 27 92
13 28 67
13 30 35
13 31 199
13 44 214
13 48 297
13 59 58
13 64 169
13 69 171
13 77 242
13 80 77
13 84 209
13 99 143
14 8 117
14 20 101
14 32 62
14 36 233
14 44 196
14 45 232
14 53 115
14 56 228
14 57 95
14 58 86
14 60 162
14 62 139
14 66 148
14 69 84
14 71 168
14 75 113
14 80 269
14 97 160
14 99 162
15 6 272
15 8 202
15 10 294
15 13 33
15 17 209
15 23 97
15 25 107
15 46 183
15 56 213
15 62 231
15 69 255
15 72 113
15 87 103
15 89 190
15 96 296
16 8 257
16 10 279
16 17 297
16 22 197
16 24 270
16 26 215
16 29 233
16 40 112
16 42 199
16 49 71
16 51 108
16 58 240
16 60 184
16 62 170
16 69 228
16 70 123
16 73 162
16 79 214
16 80 261
16 86 56
16 87 279
16 89 203
16 93 43
16 97 73
16 99 42
17 3 57
17 4 83
17 5 290
17 7 78
17 8 90
17 15 209
17 16 297
17 20 64
17 22 187
17 28 149
17 29 144
17 37 219
17 40 113
17 67 133
17 68 138
17 70 174
17 72 78
17 76 285
17 77 71
17 81 65
17 98 277
18 1 93
18 3 215
18 5 268
18 13 189
18 19 67
18 25 132
18 26 236
18 34 76
18 42 159
18 53 75
18 56 108
18 67 220
18 69 297
18 78 294
18 84 256
18 88 192
18 91 40
18 95 146
19 8 153
19 18 67
19 21 125
19 22 153
19 28 150
19 31 241
19 32 229
19 34 268
19 38 150
19 41 249
19 42 134
19 47 135
19 52 144
19 61 259
19 62 77
19 71 226
19 74 126
19 75 179
19 80 68
19 82 179
19 97 228
19 99 140
20 4 106
20 11 54
20 14 101
20 17 64
20 32 189
20 35 222
20 36 280
20 44 83
20 50 283
20 52 58
20 57 131
20 60 247
20 65 296
20 73 89
20 75 227
20 82 71
20 85 284
20 95 282
21 1 113
21 2 289
21 8 132
21 12 169
21 19 125
21 22 113
21 39 132
21 44 218
21 56 157
21 57 221
21 58 298
21 64 73
21 67 300
21 70 171
21 71 122
21 77 112
21 79 136
21 82 275
21 85 238
21 87 111
21 93 264
21 95 64
21 96 61
21 99 210
22 5 221
22 6 229
22 11 31
22 16 197
22 17 187
22 19 153
22 21 113
22 28 229
22 35 209
22 36 47
22 42 215
22 45 173
22 53 264
22 55 113
22 67 241
22 75 279
22 76 225
22 87 170
22 88 74
22 89 139
22 92 248
22 94 204
22 95 67
22 99 221
23 15 97
23 26 159
23 27 259
23 30 292
23 46 296
23 50 195
23 55 150
23 57 85
23 60 254
23 61 161
23 63 286
23 65 61
23 72 225
23 73 99
23 78 80
23 86 140
23 98 43
24 1 220
24 2 74
24 6 197
24 8 40
24 16 270
24 30 85
24 34 97
24 38 148
24 41 158
24 51 169
24 53 95
24 64 145
24 70 31
24 74 97
24 78 286
24 80 36
24 92 210
25 15 107
25 18 132
25 32 262
25 35 110
25 37 130
25 40 247
25 41 175
25 46 173
25 50 249
25 57 111
25 59 277
25 64 110
25 66 205
25 72 90
25 74 275
25 77 238
25 79 213
25 80 226
25 98 246
26 6 183
26 12 287
26 16 215
26 18 236
26 23 159
26 38 127
26 50 110
26 55 81
26 57 172
26 61 73
26 75 141
26 76 178
26 78 223
26 83 119
26 98 199
27 5 222
27 7 115
27 9 122
27 13 92
27 23 259
27 40 175
27 44 53
27 48 216
27 51 108
27 56 50
27 64 126
27 73 45
27 77 236
27 81 273
27 82 87
27 90 290
27 93 98
27 97 77
28 3 167
28 10 162
28 12 40
28 13 67
28 17 149
28 19 150
28 22 229
28 33 236
28 36 155
28 40 174
28 45 195
28 67 68
28 68 200
28 69 112
28 73 276
28 78 300
28 92 178
28 94 179
29 6 70
29 10 267
29 16 233
29 17 144
29 33 44
29 36 108
29 44 134
29 49 118
29 52 127
29 54 164
29 66 98
29 70 147
29 72 163
29 77 179
29 78 219
29 83 208
29 87 299
30 6 157
30 13 35
30 23 292
30 24 85
30 31 168
30 33 262
30 36 164
30 40 206
30 44 182
30 50 193
30 56 75
30 58 193
30 63 278
30 68 82
30 72 162
30 81 170
30 88 236
30 92 292
31 3 76
31 7 149
31 9 96
31 13 199
31 19 241
31 30 168
31 32 38
31 35 266
31 38 139
31 40 51
31 48 155
31 53 191
31 62 65
31 65 201
31 66 130
31 71 198
31 72 151
31 73 210
31 76 285
31 89 292
31 91 145
31 93 254
31 99 174
32 1 127
32 4 202
32 14 62
32 19 229
32 20 189
32 25 262
32 31 38
32 35 290
32 39 153
32 44 219
32 50 256
32 72 146
32 76 186
32 81 100
32 85 70
32 91 276
32 95 76
32 97 268
32 99 128
33 8 47
33 10 217
33 28 236
33 29 44
33 30 262
33 37 133
33 42 98
33 52 229
33 53 44
33 56 111
33 58 264
33 59 86
33 86 169
34 3 74
34 4 260
34 8 274
34 18 76
34 19 268
34 24 97
34 40 296
34 48 275
34 59 73
34 77 71
34 97 64
34 98 257
35 3 160
35 8 149
35 11 167
35 20 222
35 22 209
35 25 110
35 31 266
35 32 290
35 40 173
35 42 100
35 43 254
35 44 65
35 59 61
35 67 237
35 69 92
35 76 112
35 77 208
35 78 111
35 80 249
35 83 70
35 85 75
36 2 196
36 4 79
36 14 233
36 20 280
36 22 47
36 28 155
36 29 108
36 30 164
36 38 281
36 42 193
36 55 167
36 63 176
36 67 57
36 74 98
36 82 34
36 84 75
36 87 58
36 90 126
36 93 273
37 4 214
37 17 219
37 25 130
37 33 133
37 45 279
37 49 145
37 52 281
37 54 52
37 68 73
37 74 69
37 79 181
37 80 148
37 84 158
37 85 50
37 93 115
37 95 202
37 96 79
38 2 180
38 5 52
38 6 213
38 10 299
38 19 150
38 24 148
38 26 127
38 31 139
38 36 281
38 39 95
38 51 52
38 56 278
38 68 245
38 70 228
38 72 226
38 85 79
38 93 199
38 96 152
38 97 110
39 4 262
39 9 147
39 21 132
39 32 153
39 38 95
39 41 112
39 44 112
39 50 300
39 51 252
39 53 294
39 57 148
39 68 43
39 70 248
39 77 36
39 81 222
39 85 259
39 90 120
39 93 151
39 94 85
39 98 132
40 2 120
40 3 160
40 11 62
40 16 112
40 17 113
40 25 247
40 27 175
40 28 174
40 30 206
40 31 51
40 34 296
40 35 173
40 45 82
40 46 180
40 51 271
40 53 258
40 68 43
40 73 51
40 75 136
40 76 108
40 78 276
40 83 158
40 85 208
40 88 53
41 19 249
41 24 158
41 25 175
41 39 112
41 60 115
41 63 239
41 73 77
41 74 275
41 75 34
41 82 68
41 88 295
41 99 117
42 4 93
42 6 156
42 8 93
42 16 199
42 18 159
42 19 134
42 22 215
42 33 98
42 35 100
42 36 193
42 49 109
42 55 241
42 67 204
42 80 75
42 86 142
42 97 108
43 3 170
43 35 254
43 46 88
43 48 110
43 50 250
43 55 125
43 56 49
43 57 273
43 58 114
43 59 290
43 60 219
43 64 82
43 67 157
43 70 46
43 72 111
43 75 169
43 76 186
43 89 62
43 99 289
44 9 294
44 10 68
44 12 117
44 13 214
44 14 196
44 20 83
44 21 218
44 27 53
44 29 134
44 30 182
44 32 219
44 35 65
44 39 112
44 47 77
44 52 172
44 77 38
44 80 86
44 94 116
44 98 118
45 2 282
45 4 175
45 12 177
45 14 232
45 22 173
45 28 195
45 37 279
45 40 82
45 46 78
45 49 119
45 55 64
45 57 127
45 58 247
45 63 60
45 65 296
45 70 229
45 74 297
45 75 222
45 84 107
45 87 239
45 97 300
45 98 285
46 2 272
46 10 124
46 15 183
46 23 296
46 25 173
46 40 180
46 43 88
46 45 78
46 47 45
46 48 172
46 49 277
46 54 100
46 59 80
46 63 249
46 67 166
46 68 60
46 80 289
46 81 98
46 89 113
46 93 184
46 97 91
46 99 277
47 1 279
47 2 78
47 5 148
47 9 124
47 10 238
47 19 135
47 44 77
47 46 45
47 51 238
47 52 171
47 65 127
47 66 285
47 70 79
47 71 100
47 75 79
47 77 96
47 85 55
47 89 139
47 99 219
48 8 254
48 11 36
48 13 297
48 27 216
48 31 155
48 34 275
48 43 110
48 46 172
48 53 163
48 57 158
48 61 55
48 69 218
48 70 109
48 77 296
48 79 170
48 80 117
48 84 76
48 86 113
48 87 124
48 92 268
48 99 157
49 2 239
49 5 58
49 7 197
49 12 34
49 16 71
49 29 118
49 37 145
49 42 109
49 45 119
49 46 277
49 62 32
49 77 114
49 84 105
49 87 70
49 98 292
50 2 293
50 3 224
50 4 208
50 6 39
50 8 163
50 20 283
50 23 195
50 25 249
50 26 110
50 30 193
50 32 256
50 39 300
50 43 250
50 66 284
50 67 145
50 70 76
50 79 167
50 84 258
50 85 47
50 86 121
50 90 155
51 2 212
51 5 137
51 8 217
51 9 89
51 16 108
51 24 169
51 27 108
51 38 52
51 39 252
51 40 271
51 47 238
51 53 198
51 54 98
51 60 185
51 62 246
51 65 188
51 70 121
51 83 162
51 87 201
51 92 289
51 93 173
51 94 149
51 96 59
52 7 144
52 11 290
52 19 144
52 20 58
52 29 127
52 33 229
52 37 281
52 44 172
52 47 171
52 56 102
52 59 92
52 61 138
52 64 52
52 68 119
52 70 167
52 71 139
52 84 44
52 87 112
52 88 285
53 6 259
53 10 97
53 14 115
53 18 75
53 22 264
53 24 95
53 31 191
53 33 44
53 39 294
53 40 258
53 48 163
53 51 198
53 57 249
53 59 148
53 73 47
53 76 191
53 85 135
53 89 190
53 93 122
53 95 53
53 99 79
54 3 138
54 5 105
54 7 208
54 9 193
54 29 164
54 37 52
54 46 100
54 51 98
54 58 250
54 60 122
54 64 256
54 77 111
54 82 70
54 84 294
54 89 86
54 93 117
55 2 117
55 3 119
55 8 106
55 22 113
55 23 150
55 26 81
55 36 167
55 42 241
55 43 125
55 45 64
55 56 74
55 60 282
55 61 281
55 65 263
55 71 203
55 72 73
55 73 59
55 77 215
55 87 247
55 88 49
55 92 136
55 94 128
56 4 112
56 6 85
56 14 228
56 15 213
56 18 108
56 21 157
56 27 50
56 30 75
56 33 111
56 38 278
56 43 49
56 52 102
56 55 74
56 59 100
56 60 67
56 66 170
56 67 134
56 69 209
56 77 268
56 78 289
56 79 244
56 80 37
56 81 116
56 84 158
56 85 58
56 90 107
56 93 157
56 99 89
57 2 247
57 4 96
57 5 72
57 14 95
57 20 131
57 21 221
57 23 85
57 25 111
57 26 172
57 39 148
57 43 273
57 45 127
57 48 158
57 53 249
57 66 245
57 68 67
57 74 87
57 78 221
57 79 214
57 84 72
57 88 112
57 91 47
57 93 63
57 98 286
58 7 246
58 10 94
58 12 147
58 14 86
58 16 240
58 21 298
58 30 193
58 33 264
58 43 114
58 45 247
58 54 250
58 68 166
58 73 112
58 74 163
58 81 33
58 83 135
58 88 211
58 90 175
58 98 186
59 4 292
59 9 205
59 13 58
59 25 277
59 33 86
59 34 73
59 35 61
59 43 290
59 46 80
59 52 92
59 53 148
59 56 100
59 63 61
59 67 154
59 69 298
59 81 262
60 1 196
60 3 141
60 10 80
60 14 162
60 16 184
60 20 247
60 23 254
60 41 115
60 43 219
60 51 185
60 54 122
60 55 282
60 56 67
60 62 45
60 63 96
60 65 249
60 69 109
60 78 180
60 79 162
60 85 223
60 91 77
61 5 56
61 6 242
61 8 206
61 9 207
61 19 259
61 23 161
61 26 73
61 48 55
61 52 138
61 55 281
61 62 227
61 65 48
61 67 201
61 72 116
61 84 127
61 85 126
62 4 113
62 10 156
62 14 139
62 15 231
62 16 170
62 19 77
62 31 65
62 49 32
62 51 246
62 60 45
62 61 227
62 63 43
62 67 176
62 74 299
62 79 285
62 88 294
62 89 89
62 93 129
62 95 201
62 97 284
63 1 220
63 4 228
63 5 215
63 8 97
63 11 292
63 12 98
63 23 286
63 30 278
63 36 176
63 41 239
63 45 60
63 46 249
63 59 61
63 60 96
63 62 43
63 68 62
63 74 57
63 76 294
63 78 257
63 96 143
64 7 233
64 13 169
64 21 73
64 24 145
64 25 110
64 27 126
64 43 82
64 52 52
64 54 256
64 67 265
64 72 167
64 77 256
64 81 209
64 82 282
64 84 80
64 85 42
64 86 73
64 89 141
64 90 60
64 95 240
64 97 47
64 98 281
65 1 168
65 10 185
65 11 94
65 20 296
65 23 61
65 31 201
65 45 296
65 47 127
65 51 188
65 55 263
65 60 249
65 61 48
65 74 102
65 82 109
65 86 223
65 95 184
65 97 42
66 1 205
66 9 279
66 14 148
66 25 205
66 29 98
66 31 130
66 47 285
66 50 284
66 56 170
66 57 245
66 81 140
66 83 80
66 85 46
67 2 110
67 3 298
67 4 126
67 17 133
67 18 220
67 21 300
67 22 241
67 28 68
67 35 237
67 36 57
67 42 204
67 43 157
67 46 166
67 50 145
67 56 134
67 59 154
67 61 201
67 62 176
67 64 265
67 74 258
67 75 246
67 77 285
67 92 44
68 4 121
68 11 299
68 17 138
68 28 200
68 30 82
68 37 73
68 38 245
68 39 43
68 40 43
68 46 60
68 52 119
68 57 67
68 58 166
68 63 62
68 73 139
68 75 219
68 93 108
68 96 152
69 1 93
69 12 292
69 13 171
69 14 84
69 15 255
69 16 228
69 18 297
69 28 112
69 35 92
69 48 218
69 56 209
69 59 298
69 60 109
69 78 269
69 89 236
70 4 90
70 6 78
70 12 38
70 16 123
70 17 174
70 21 171
70 24 31
70 29 147
70 38 228
70 39 248
70 43 46
70 45 229
70 47 79
70 48 109
70 50 76
70 51 121
70 52 167
70 77 182
70 90 152
70 93 269
70 94 91
70 98 69
71 1 183
71 3 200
71 5 73
71 6 172
71 9 131
71 10 248
71 14 168
71 19 226
71 21 122
71 31 198
71 47 100
71 52 139
71 55 203
71 73 122
71 75 231
71 76 226
71 77 269
71 91 143
71 92 201
71 93 165
71 99 286
72 2 34
72 4 199
72 15 113
72 17 78
72 23 225
72 25 90
72 29 163
72 30 162
72 31 151
72 32 146
72 38 226
72 43 111
72 55 73
72 61 116
72 64 167
72 73 252
72 74 287
72 78 62
72 82 293
72 94 250
72 98 73
73 5 161
73 10 237
73 11 293
73 16 162
73 20 89
73 23 99
73 27 45
73 28 276
73 31 210
73 40 51
73 41 77
73 53 47
73 55 59
73 58 112
73 68 139
73 71 122
73 72 252
73 79 45
73 80 30
73 81 291
73 92 134
73 99 237
74 10 190
74 19 126
74 24 97
74 25 275
74 36 98
74 37 69
74 41 275
74 45 297
74 57 87
74 58 163
74 62 299
74 63 57
74 65 102
74 67 258
74 72 287
74 83 98
74 87 112
74 95 44
74 96 234
74 99 189
75 14 113
75 19 179
75 20 227
75 22 279
75 26 141
75 40 136
75 41 34
75 43 169
75 45 222
75 47 79
75 67 246
75 68 219
75 71 231
75 77 235
75 89 263
75 92 211
75 94 238
76 4 103
76 5 42
76 7 156
76 17 285
76 22 225
76 26 178
76 31 285
76 32 186
76 35 112
76 40 108
76 43 186
76 53 191
76 63 294
76 71 226
76 78 238
76 82 268
76 90 189
76 92 111
77 6 71
77 9 266
77 12 62
77 13 242
77 17 71
77 21 112
77 25 238
77 27 236
77 29 179
77 34 71
77 35 208
77 39 36
77 44 38
77 47 96
77 48 296
77 49 114
77 54 111
77 55 215
77 56 268
77 64 256
77 67 285
77 70 182
77 71 269
77 75 235
77 83 124
77 89 152
77 98 64
78 6 257
78 10 230
78 18 294
78 23 80
78 24 286
78 26 223
78 28 300
78 29 219
78 35 111
78 40 276
78 56 289
78 57 221
78 60 180
78 63 257
78 69 269
78 72 62
78 76 238
78 85 34
78 88 103
78 98 180
79 4 167
79 9 87
79 16 214
79 21 136
79 25 213
79 37 181
79 48 170
79 50 167
79 56 244
79 57 214
79 60 162
79 62 285
79 73 45
79 80 83
79 86 259
79 88 159
80 1 268
80 4 107
80 5 236
80 6 214
80 12 182
80 13 77
80 14 269
80 16 261
80 19 68
80 24 36
80 25 226
80 35 249
80 37 148
80 42 75
80 44 86
80 46 289
80 48 117
80 56 37
80 73 30
80 79 83
80 82 154
80 93 199
80 96 33
80 97 265
80 98 270
81 4 206
81 5 257
81 17 65
81 27 273
81 30 170
81 32 100
81 39 222
81 46 98
81 56 116
81 58 33
81 59 262
81 64 209
81 66 140
81 73 291
81 91 97
81 93 74
81 97 296
82 5 106
82 19 179
82 20 71
82 21 275
82 27 87
82 36 34
82 41 68
82 54 70
82 64 282
82 65 109
82 72 293
82 76 268
82 80 154
82 83 147
82 91 193
82 95 105
82 97 270
83 1 291
83 4 221
83 8 127
83 26 119
83 29 208
83 35 70
83 40 158
83 51 162
83 58 135
83 66 80
83 74 98
83 77 124
83 82 147
83 87 233
83 90 256
83 98 276
84 8 162
84 13 209
84 18 256
84 36 75
84 37 158
84 45 107
84 48 76
84 49 105
84 50 258
84 52 44
84 54 294
84 56 158
84 57 72
84 61 127
84 64 80
84 89 222
84 93 154
84 97 264
85 2 98
85 8 168
85 11 282
85 20 284
85 21 238
85 32 70
85 35 75
85 37 50
85 38 79
85 39 259
85 40 208
85 47 55
85 50 47
85 53 135
85 56 58
85 60 223
85 61 126
85 64 42
85 66 46
85 78 34
85 92 40
85 94 251
85 95 193
85 96 194
86 3 197
86 10 154
86 16 56
86 23 140
86 33 169
86 42 142
86 48 113
86 50 121
86 64 73
86 65 223
86 79 259
87 4 209
87 6 46
87 7 46
87 10 241
87 15 103
87 16 279
87 21 111
87 22 170
87 29 299
87 36 58
87 45 239
87 48 124
87 49 70
87 51 201
87 52 112
87 55 247
87 74 112
87 83 233
87 91 50
87 95 64
87 97 116
88 4 273
88 5 164
88 12 79
88 18 192
88 22 74
88 30 236
88 40 53
88 41 295
88 52 285
88 55 49
88 57 112
88 58 211
88 62 294
88 78 103
88 79 159
88 93 61
88 98 136
89 1 171
89 2 192
89 5 226
89 6 196
89 8 168
89 11 47
89 12 230
89 15 190
89 16 203
89 22 139
89 31 292
89 43 62
89 46 113
89 47 139
89 53 190
89 54 86
89 62 89
89 64 141
89 69 236
89 75 263
89 77 152
89 84 222
89 92 211
89 96 59
90 9 132
90 12 179
90 27 290
90 36 126
90 39 120
90 50 155
90 56 107
90 58 175
90 64 60
90 70 152
90 76 189
90 83 256
90 94 211
90 95 102
90 99 84
91 8 286
91 18 40
91 31 145
91 32 276
91 57 47
91 60 77
91 71 143
91 81 97
91 82 193
91 87 50
91 92 165
91 94 238
91 97 168
92 5 262
92 12 55
92 22 248
92 24 210
92 28 178
92 30 292
92 48 268
92 51 289
92 55 136
92 67 44
92 71 201
92 73 134
92 75 211
92 76 111
92 85 40
92 89 211
92 91 165
92 93 208
92 98 95
92 99 206
93 3 108
93 5 71
93 9 125
93 16 43
93 21 264
93 27 98
93 31 254
93 36 273
93 37 115
93 38 199
93 39 151
93 46 184
93 51 173
93 53 122
93 54 117
93 56 157
93 57 63
93 62 129
93 68 108
93 70 269
93 71 165
93 80 199
93 81 74
93 84 154
93 88 61
93 92 208
94 9 277
94 22 204
94 28 179
94 39 85
94 44 116
94 51 149
94 55 128
94 70 91
94 72 250
94 75 238
94 85 251
94 90 211
94 91 238
94 95 275
95 5 277
95 7 137
95 18 146
95 20 282
95 21 64
95 22 67
95 32 76
95 37 202
95 53 53
95 62 201
95 64 240
95 65 184
95 74 44
95 82 105
95 85 193
95 87 64
95 90 102
95 94 275
95 96 200
96 1 46
96 5 117
96 10 151
96 15 296
96 21 61
96 37 79
96 38 152
96 51 59
96 63 143
96 68 152
96 74 234
96 80 33
96 85 194
96 89 59
96 95 200
97 2 84
97 8 53
97 9 269
97 12 127
97 14 160
97 16 73
97 19 228
97 27 77
97 32 268
97 34 64
97 38 110
97 42 108
97 45 300
97 46 91
97 62 284
97 64 47
97 65 42
97 80 265
97 81 296
97 82 270
97 84 264
97 87 116
97 91 168
98 1 295
98 3 48
98 5 290
98 7 184
98 8 225
98 9 55
98 10 110
98 11 154
98 17 277
98 23 43
98 25 246
98 26 199
98 34 257
98 39 132
98 44 118
98 45 285
98 49 292
98 57 286
98 58 186
98 64 281
98 70 69
98 72 73
98 77 64
98 78 180
98 80 270
98 83 276
98 88 136
98 92 95
2 t 202
13 t 143
14 t 162
16 t 42
19 t 140
21 t 210
22 t 221
31 t 174
32 t 128
41 t 117
43 t 289
46 t 277
47 t 219
48 t 157
53 t 79
56 t 89
71 t 286
73 t 237
74 t 189
90 t 84
92 t 206
