s 1 32
s 2 159
s 3 155
s 4 35
s 5 72
s 6 135
s 7 69
s 8 233
s 9 134
s 10 88
s 11 167
s 12 105
s 13 51
s 14 198
s 15 253
s 16 243
s 17 78
s 18 133
s 19 281
s 20 293
s 21 168
s 22 208
s 23 113
s 24 265
s 25 287
s 26 31
s 27 288
s 28 125
s 29 215
s 30 92
s 31 275
s 32 84
s 33 79
s 34 197
s 35 188
s 36 131
s 37 270
s 38 272
s 39 237
s 40 97
s 41 134
s 42 50
s 43 222
s 44 300
s 45 108
s 46 145
s 47 251
s 48 143
s 49 230
s 50 131
s 51 41
s 52 119
s 53 103
s 54 144
s 55 257
s 56 241
s 57 287
s 58 134
s 59 78
s 60 218
s 61 219
s 62 69
s 63 143
s 64 220
s 65 217
s 66 251
s 67 132
s 68 149
s 69 80
s 70 234
s 71 207
s 72 229
s 73 85
s 74 300
s 75 106
s 76 163
s 77 260
s 78 33
s 79 160
s 80 66
s 81 267
s 82 62
s 83 95
s 84 164
s 85 123
s 86 258
s 87 103
s 88 223
s 89 172
s 90 196
s 91 262
s 92 46
s 93 60
s 94 194
s 95 145
s 96 93
s 97 254
s 98 249
s 99 224
1 2 95
1 3 265
1 4 99
1 5 174
1 6 80
1 7 108
1 8 231
1 9 223
1 10 81
1 11 227
1 12 248
1 13 208
1 14 245
1 15 177
1 16 32
1 17 161
1 18 43
1 19 78
1 20 207
1 21 262
1 22 163
1 23 273
1 24 34
1 25 94
1 26 52
1 27 273
1 28 121
1 29 171
1 30 232
1 31 44
1 32 39
1 33 145
1 34 98
1 35 142
1 36 73
1 37 251
1 38 132
1 39 126
1 40 224
1 41 216
1 42 81
1 43 86
1 44 192
1 45 214
1 46 173
1 47 155
1 48 282
1 49 92
1 50 43
1 51 229
1 52 160
1 53 47
1 54 288
1 55 237
1 56 77
1 57 259
1 58 272
1 59 42
1 60 278
1 61 32
1 62 226
1 63 75
1 64 59
1 65 209
1 66 275
1 67 83
1 68 283
1 69 147
1 70 31
1 71 92
1 72 113
1 73 118
1 74 146
1 75 274
1 76 50
1 77 171
1 78 146
1 79 139
1 80 224
1 81 212
1 82 68
1 83 258
1 84 273
1 85 241
1 86 175
1 87 77
1 88 144
1 89 279
1 90 248
1 91 47
1 92 219
1 93 221
1 94 179
1 95 36
1 96 90
1 97 282
1 98 233
1 99 87
2 1 95
2 3 249
2 4 231
2 5 129
2 6 62
2 7 133
2 8 201
2 9 108
2 10 34
2 11 123
2 12 52
2 13 219
2 14 290
2 15 187
2 16 272
2 17 206
2 18 239
2 19 57
2 20 157
2 21 114
2 22 294
2 23 74
2 24 224
2 25 289
2 26 32
2 27 205
2 28 81
2 29 243
2 30 84
2 31 40
2 32 172
2 33 244
2 34 285
2 35 201
2 36 186
2 37 147
2 38 85
2 39 176
2 40 49
2 41 189
2 42 264
2 43 58
2 44 181
2 45 178
2 46 282
2 47 33
2 48 157
2 49 132
2 50 178
2 51 67
2 52 161
2 53 154
2 54 173
2 55 193
2 56 102
2 57 293
2 58 293
2 59 107
2 60 217
2 61 254
2 62 164
2 63 110
2 64 47
2 65 30
2 66 166
2 67 246
2 68 221
2 69 174
2 70 141
2 71 160
2 72 115
2 73 243
2 74 200
2 75 161
2 76 75
2 77 36
2 78 257
2 79 275
2 80 156
2 81 108
2 82 127
2 83 242
2 84 265
2 85 201
2 86 66
2 87 184
2 88 281
2 89 110
2 90 254
2 91 120
2 92 245
2 93 48
2 94 115
2 95 270
2 96 139
2 97 280
2 98 256
2 99 35
3 1 265
3 2 249
3 4 122
3 5 142
3 6 167
3 7 138
3 8 185
3 9 225
3 10 295
3 11 112
3 12 88
3 13 87
3 14 234
3 15 190
3 16 122
3 17 220
3 18 250
3 19 46
3 20 191
3 21 35
3 22 140
3 23 51
3 24 200
3 25 281
3 26 235
3 27 191
3 28 86
3 29 296
3 30 192
3 31 101
3 32 233
3 33 31
3 34 296
3 35 194
3 36 139
3 37 141
3 38 199
3 39 186
3 40 81
3 41 200
3 42 123
3 43 123
3 44 145
3 45 128
3 46 234
3 47 249
3 48 117
3 49 111
3 50 133
3 51 294
3 52 240
3 53 192
3 54 283
3 55 111
3 56 228
3 57 80
3 58 161
3 59 184
3 60 148
3 61 282
3 62 69
3 63 153
3 64 109
3 65 42
3 66 272
3 67 133
3 68 273
3 69 50
3 70 169
3 71 68
3 72 207
3 73 83
3 74 138
3 75 201
3 76 99
3 77 94
3 78 128
3 79 270
3 80 259
3 81 83
3 82 218
3 83 160
3 84 151
3 85 201
3 86 210
3 87 172
3 88 197
3 89 101
3 90 170
3 91 113
3 92 138
3 93 245
3 94 216
3 95 256
3 96 190
3 97 141
3 98 279
3 99 214
4 1 99
4 2 231
4 3 122
4 5 174
4 6 144
4 7 110
4 8 35
4 9 267
4 10 275
4 11 125
4 12 275
4 13 150
4 14 269
4 15 187
4 16 296
4 17 144
4 18 200
4 19 174
4 20 263
4 21 251
4 22 213
4 23 163
4 24 105
4 25 119
4 26 284
4 27 70
4 28 217
4 29 138
4 30 34
4 31 129
4 32 206
4 33 293
4 34 163
4 35 128
4 36 223
4 37 194
4 38 187
4 39 152
4 40 50
4 41 31
4 42 191
4 43 68
4 44 278
4 45 114
4 46 235
4 47 141
4 48 195
4 49 47
4 50 66
4 51 131
4 52 161
4 53 146
4 54 167
4 55 275
4 56 61
4 57 105
4 58 82
4 59 43
4 60 201
4 61 186
4 62 288
4 63 111
4 64 114
4 65 180
4 66 155
4 67 217
4 68 200
4 69 244
4 70 246
4 71 155
4 72 263
4 73 171
4 74 288
4 75 279
4 76 67
4 77 233
4 78 154
4 79 220
4 80 145
4 81 224
4 82 42
4 83 139
4 84 113
4 85 266
4 86 39
4 87 127
4 88 122
4 89 258
4 90 64
4 91 136
4 92 257
4 93 215
4 94 111
4 95 60
4 96 244
4 97 277
4 98 60
4 99 192
5 1 174
5 2 129
5 3 142
5 4 174
5 6 190
5 7 51
5 8 154
5 9 112
5 10 225
5 11 198
5 12 187
5 13 202
5 14 204
5 15 231
5 16 112
5 17 222
5 18 225
5 19 144
5 20 102
5 21 271
5 22 192
5 23 108
5 24 219
5 25 42
5 26 284
5 27 147
5 28 221
5 29 66
5 30 53
5 31 210
5 32 108
5 33 184
5 34 43
5 35 40
5 36 66
5 37 262
5 38 106
5 39 234
5 40 271
5 41 231
5 42 169
5 43 87
5 44 276
5 45 116
5 46 177
5 47 266
5 48 85
5 49 105
5 50 231
5 51 297
5 52 40
5 53 299
5 54 280
5 55 68
5 56 31
5 57 103
5 58 41
5 59 59
5 60 104
5 61 261
5 62 61
5 63 255
5 64 242
5 65 114
5 66 281
5 67 187
5 68 220
5 69 80
5 70 91
5 71 280
5 72 190
5 73 270
5 74 83
5 75 229
5 76 239
5 77 48
5 78 218
5 79 174
5 80 35
5 81 265
5 82 41
5 83 212
5 84 201
5 85 41
5 86 213
5 87 64
5 88 175
5 89 154
5 90 157
5 91 138
5 92 265
5 93 193
5 94 164
5 95 137
5 96 57
5 97 255
5 98 258
5 99 187
6 1 80
6 2 62
6 3 167
6 4 144
6 5 190
6 7 60
6 8 122
6 9 258
6 10 153
6 11 76
6 12 250
6 13 229
6 14 81
6 15 49
6 16 147
6 17 94
6 18 219
6 19 276
6 20 167
6 21 294
6 22 88
6 23 114
6 24 287
6 25 259
6 26 149
6 27 124
6 28 83
6 29 63
6 30 35
6 31 190
6 32 83
6 33 267
6 34 199
6 35 168
6 36 125
6 37 63
6 38 142
6 39 274
6 40 277
6 41 81
6 42 217
6 43 106
6 44 260
6 45 151
6 46 219
6 47 208
6 48 280
6 49 249
6 50 224
6 51 271
6 52 39
6 53 48
6 54 293
6 55 224
6 56 168
6 57 147
6 58 239
6 59 136
6 60 87
6 61 261
6 62 126
6 63 146
6 64 107
6 65 65
6 66 36
6 67 107
6 68 281
6 69 245
6 70 248
6 71 119
6 72 201
6 73 128
6 74 209
6 75 212
6 76 300
6 77 142
6 78 68
6 79 272
6 80 124
6 81 198
6 82 197
6 83 220
6 84 227
6 85 186
6 86 62
6 87 249
6 88 138
6 89 223
6 90 47
6 91 49
6 92 291
6 93 51
6 94 156
6 95 232
6 96 66
6 97 43
6 98 154
6 99 190
7 1 108
7 2 133
7 3 138
7 4 110
7 5 51
7 6 60
7 8 185
7 9 87
7 10 100
7 11 260
7 12 81
7 13 218
7 14 123
7 15 287
7 16 253
7 17 105
7 18 102
7 19 165
7 20 284
7 21 77
7 22 141
7 23 84
7 24 89
7 25 227
7 26 170
7 27 240
7 28 62
7 29 206
7 30 249
7 31 184
7 32 161
7 33 166
7 34 70
7 35 140
7 36 90
7 37 178
7 38 288
7 39 228
7 40 165
7 41 284
7 42 298
7 43 233
7 44 73
7 45 187
7 46 223
7 47 177
7 48 245
7 49 283
7 50 153
7 51 138
7 52 222
7 53 149
7 54 248
7 55 77
7 56 91
7 57 88
7 58 276
7 59 156
7 60 263
7 61 151
7 62 57
7 63 289
7 64 149
7 65 68
7 66 252
7 67 148
7 68 232
7 69 156
7 70 195
7 71 190
7 72 159
7 73 170
7 74 248
7 75 233
7 76 291
7 77 59
7 78 204
7 79 266
7 80 216
7 81 145
7 82 175
7 83 115
7 84 48
7 85 113
7 86 214
7 87 116
7 88 154
7 89 212
7 90 294
7 91 211
7 92 264
7 93 169
7 94 31
7 95 94
7 96 202
7 97 126
7 98 213
7 99 61
8 1 231
8 2 201
8 3 185
8 4 35
8 5 154
8 6 122
8 7 185
8 9 284
8 10 189
8 11 195
8 12 203
8 13 135
8 14 142
8 15 198
8 16 81
8 17 32
8 18 120
8 19 110
8 20 233
8 21 145
8 22 189
8 23 202
8 24 33
8 25 71
8 26 215
8 27 258
8 28 76
8 29 248
8 30 97
8 31 264
8 32 157
8 33 257
8 34 153
8 35 94
8 36 194
8 37 59
8 38 226
8 39 226
8 40 275
8 41 233
8 42 282
8 43 200
8 44 219
8 45 156
8 46 189
8 47 188
8 48 239
8 49 237
8 50 101
8 51 107
8 52 183
8 53 117
8 54 149
8 55 238
8 56 174
8 57 129
8 58 120
8 59 234
8 60 165
8 61 130
8 62 230
8 63 97
8 64 254
8 65 74
8 66 281
8 67 82
8 68 204
8 69 260
8 70 89
8 71 207
8 72 247
8 73 69
8 74 229
8 75 151
8 76 271
8 77 129
8 78 241
8 79 123
8 80 143
8 81 205
8 82 204
8 83 105
8 84 74
8 85 58
8 86 271
8 87 202
8 88 287
8 89 280
8 90 139
8 91 280
8 92 72
8 93 198
8 94 56
8 95 123
8 96 85
8 97 174
8 98 237
8 99 230
9 1 223
9 2 108
9 3 225
9 4 267
9 5 112
9 6 258
9 7 87
9 8 284
9 10 150
9 11 34
9 12 291
9 13 201
9 14 157
9 15 150
9 16 223
9 17 290
9 18 235
9 19 143
9 20 179
9 21 92
9 22 257
9 23 300
9 24 110
9 25 201
9 26 138
9 27 268
9 28 35
9 29 267
9 30 88
9 31 179
9 32 300
9 33 173
9 34 199
9 35 170
9 36 35
9 37 132
9 38 230
9 39 60
9 40 296
9 41 256
9 42 168
9 43 57
9 44 181
9 45 153
9 46 121
9 47 44
9 48 194
9 49 219
9 50 263
9 51 267
9 52 240
9 53 158
9 54 149
9 55 58
9 56 74
9 57 115
9 58 37
9 59 208
9 60 180
9 61 201
9 62 76
9 63 71
9 64 132
9 65 280
9 66 291
9 67 255
9 68 192
9 69 116
9 70 84
9 71 204
9 72 76
9 73 139
9 74 83
9 75 291
9 76 214
9 77 231
9 78 272
9 79 289
9 80 129
9 81 282
9 82 217
9 83 185
9 84 135
9 85 44
9 86 281
9 87 61
9 88 128
9 89 140
9 90 300
9 91 262
9 92 227
9 93 110
9 94 185
9 95 220
9 96 51
9 97 271
9 98 265
9 99 186
10 1 81
10 2 34
10 3 295
10 4 275
10 5 225
10 6 153
10 7 100
10 8 189
10 9 150
10 11 270
10 12 233
10 13 208
10 14 108
10 15 295
10 16 48
10 17 142
10 18 198
10 19 142
10 20 204
10 21 134
10 22 190
10 23 175
10 24 215
10 25 129
10 26 64
10 27 269
10 28 235
10 29 212
10 30 208
10 31 261
10 32 96
10 33 76
10 34 62
10 35 69
10 36 104
10 37 258
10 38 198
10 39 176
10 40 161
10 41 276
10 42 41
10 43 216
10 44 85
10 45 241
10 46 87
10 47 36
10 48 55
10 49 37
10 50 230
10 51 271
10 52 114
10 53 292
10 54 254
10 55 181
10 56 207
10 57 240
10 58 254
10 59 73
10 60 114
10 61 105
10 62 53
10 63 51
10 64 210
10 65 55
10 66 59
10 67 82
10 68 233
10 69 116
10 70 49
10 71 246
10 72 97
10 73 152
10 74 208
10 75 264
10 76 283
10 77 42
10 78 105
10 79 36
10 80 226
10 81 166
10 82 247
10 83 38
10 84 278
10 85 153
10 86 36
10 87 226
10 88 174
10 89 157
10 90 52
10 91 277
10 92 47
10 93 178
10 94 93
10 95 233
10 96 35
10 97 101
10 98 108
10 99 114
11 1 227
11 2 123
11 3 112
11 4 125
11 5 198
11 6 76
11 7 260
11 8 195
11 9 34
11 10 270
11 12 34
11 13 283
11 14 220
11 15 67
11 16 223
11 17 115
11 18 230
11 19 59
11 20 156
11 21 285
11 22 285
11 23 175
11 24 199
11 25 116
11 26 234
11 27 118
11 28 191
11 29 163
11 30 86
11 31 285
11 32 277
11 33 144
11 34 171
11 35 221
11 36 242
11 37 227
11 38 217
11 39 30
11 40 202
11 41 249
11 42 299
11 43 48
11 44 205
11 45 290
11 46 208
11 47 66
11 48 41
11 49 188
11 50 41
11 51 237
11 52 212
11 53 68
11 54 218
11 55 48
11 56 248
11 57 176
11 58 176
11 59 196
11 60 280
11 61 146
11 62 213
11 63 130
11 64 298
11 65 248
11 66 271
11 67 123
11 68 32
11 69 121
11 70 100
11 71 266
11 72 268
11 73 72
11 74 252
11 75 244
11 76 43
11 77 63
11 78 153
11 79 134
11 80 144
11 81 121
11 82 134
11 83 76
11 84 170
11 85 172
11 86 175
11 87 274
11 88 262
11 89 139
11 90 111
11 91 211
11 92 150
11 93 209
11 94 85
11 95 150
11 96 224
11 97 193
11 98 175
11 99 151
12 1 248
12 2 52
12 3 88
12 4 275
12 5 187
12 6 250
12 7 81
12 8 203
12 9 291
12 10 233
12 11 34
12 13 77
12 14 225
12 15 153
12 16 178
12 17 153
12 18 100
12 19 145
12 20 126
12 21 52
12 22 161
12 23 70
12 24 216
12 25 255
12 26 240
12 27 86
12 28 127
12 29 232
12 30 200
12 31 107
12 32 191
12 33 210
12 34 160
12 35 50
12 36 280
12 37 288
12 38 39
12 39 195
12 40 208
12 41 30
12 42 97
12 43 97
12 44 178
12 45 180
12 46 281
12 47 251
12 48 83
12 49 91
12 50 129
12 51 88
12 52 51
12 53 97
12 54 44
12 55 170
12 56 187
12 57 48
12 58 95
12 59 238
12 60 274
12 61 122
12 62 189
12 63 69
12 64 268
12 65 286
12 66 143
12 67 210
12 68 73
12 69 272
12 70 297
12 71 113
12 72 241
12 73 272
12 74 184
12 75 286
12 76 147
12 77 115
12 78 177
12 79 112
12 80 130
12 81 41
12 82 123
12 83 47
12 84 265
12 85 195
12 86 163
12 87 122
12 88 219
12 89 111
12 90 57
12 91 266
12 92 299
12 93 114
12 94 104
12 95 297
12 96 191
12 97 258
12 98 95
12 99 110
13 1 208
13 2 219
13 3 87
13 4 150
13 5 202
13 6 229
13 7 218
13 8 135
13 9 201
13 10 208
13 11 283
13 12 77
13 14 189
13 15 137
13 16 125
13 17 253
13 18 130
13 19 132
13 20 207
13 21 72
13 22 212
13 23 89
13 24 270
13 25 146
13 26 155
13 27 37
13 28 33
13 29 281
13 30 113
13 31 260
13 32 156
13 33 78
13 34 193
13 35 287
13 36 250
13 37 51
13 38 40
13 39 97
13 40 116
13 41 234
13 42 176
13 43 103
13 44 193
13 45 37
13 46 150
13 47 297
13 48 217
13 49 191
13 50 137
13 51 146
13 52 235
13 53 164
13 54 264
13 55 40
13 56 244
13 57 276
13 58 46
13 59 248
13 60 260
13 61 283
13 62 267
13 63 191
13 64 183
13 65 96
13 66 218
13 67 43
13 68 160
13 69 174
13 70 136
13 71 172
13 72 123
13 73 211
13 74 81
13 75 242
13 76 150
13 77 274
13 78 33
13 79 272
13 80 257
13 81 122
13 82 216
13 83 288
13 84 114
13 85 229
13 86 255
13 87 59
13 88 237
13 89 164
13 90 224
13 91 157
13 92 144
13 93 68
13 94 38
13 95 82
13 96 97
13 97 81
13 98 212
13 99 278
14 1 245
14 2 290
14 3 234
14 4 269
14 5 204
14 6 81
14 7 123
14 8 142
14 9 157
14 10 108
14 11 220
14 12 225
14 13 189
14 15 264
14 16 248
14 17 62
14 18 155
14 19 64
14 20 190
14 21 51
14 22 199
14 23 129
14 24 142
14 25 123
14 26 95
14 27 61
14 28 113
14 29 255
14 30 116
14 31 144
14 32 75
14 33 166
14 34 199
14 35 55
14 36 123
14 37 296
14 38 233
14 39 130
14 40 178
14 41 218
14 42 88
14 43 35
14 44 100
14 45 52
14 46 129
14 47 193
14 48 99
14 49 122
14 50 227
14 51 106
14 52 78
14 53 161
14 54 221
14 55 147
14 56 83
14 57 217
14 58 65
14 59 151
14 60 135
14 61 79
14 62 102
14 63 276
14 64 72
14 65 118
14 66 217
14 67 73
14 68 218
14 69 268
14 70 138
14 71 115
14 72 62
14 73 297
14 74 142
14 75 215
14 76 219
14 77 203
14 78 161
14 79 296
14 80 234
14 81 75
14 82 140
14 83 146
14 84 178
14 85 159
14 86 224
14 87 156
14 88 73
14 89 294
14 90 167
14 91 75
14 92 225
14 93 279
14 94 281
14 95 300
14 96 87
14 97 215
14 98 171
14 99 270
15 1 177
15 2 187
15 3 190
15 4 187
15 5 231
15 6 49
15 7 287
15 8 198
15 9 150
15 10 295
15 11 67
15 12 153
15 13 137
15 14 264
15 16 97
15 17 112
15 18 37
15 19 285
15 20 182
15 21 63
15 22 78
15 23 230
15 24 166
15 25 207
15 26 264
15 27 281
15 28 31
15 29 145
15 30 116
15 31 107
15 32 220
15 33 171
15 34 277
15 35 158
15 36 265
15 37 284
15 38 42
15 39 153
15 40 67
15 41 258
15 42 292
15 43 152
15 44 215
15 45 159
15 46 72
15 47 251
15 48 214
15 49 278
15 50 89
15 51 103
15 52 227
15 53 225
15 54 226
15 55 207
15 56 195
15 57 230
15 58 55
15 59 220
15 60 269
15 61 224
15 62 185
15 63 32
15 64 128
15 65 63
15 66 167
15 67 115
15 68 115
15 69 121
15 70 189
15 71 124
15 72 95
15 73 158
15 74 137
15 75 165
15 76 185
15 77 63
15 78 183
15 79 83
15 80 91
15 81 54
15 82 278
15 83 67
15 84 31
15 85 46
15 86 130
15 87 77
15 88 290
15 89 145
15 90 142
15 91 240
15 92 39
15 93 265
15 94 218
15 95 37
15 96 290
15 97 272
15 98 50
15 99 60
16 1 32
16 2 272
16 3 122
16 4 296
16 5 112
16 6 147
16 7 253
16 8 81
16 9 223
16 10 48
16 11 223
16 12 178
16 13 125
16 14 248
16 15 97
16 17 95
16 18 118
16 19 79
16 20 133
16 21 112
16 22 119
16 23 157
16 24 240
16 25 72
16 26 281
16 27 126
16 28 159
16 29 257
16 30 264
16 31 79
16 32 181
16 33 283
16 34 269
16 35 186
16 36 177
16 37 294
16 38 42
16 39 250
16 40 82
16 41 166
16 42 112
16 43 62
16 44 197
16 45 234
16 46 219
16 47 282
16 48 83
16 49 118
16 50 270
16 51 257
16 52 164
16 53 260
16 54 212
16 55 241
16 56 175
16 57 75
16 58 246
16 59 116
16 60 295
16 61 271
16 62 270
16 63 168
16 64 290
16 65 37
16 66 222
16 67 90
16 68 89
16 69 260
16 70 276
16 71 252
16 72 271
16 73 218
16 74 37
16 75 158
16 76 268
16 77 90
16 78 280
16 79 57
16 80 225
16 81 93
16 82 198
16 83 96
16 84 271
16 85 287
16 86 129
16 87 274
16 88 113
16 89 110
16 90 191
16 91 223
16 92 279
16 93 94
16 94 98
16 95 286
16 96 72
16 97 134
16 98 118
16 99 30
17 1 161
17 2 206
17 3 220
17 4 144
17 5 222
17 6 94
17 7 105
17 8 32
17 9 290
17 10 142
17 11 115
17 12 153
17 13 253
17 14 62
17 15 112
17 16 95
17 18 271
17 19 110
17 20 86
17 21 166
17 22 192
17 23 201
17 24 140
17 25 221
17 26 31
17 27 219
17 28 58
17 29 36
17 30 96
17 31 203
17 32 85
17 33 237
17 34 280
17 35 123
17 36 106
17 37 292
17 38 95
17 39 127
17 40 248
17 41 259
17 42 174
17 43 215
17 44 48
17 45 258
17 46 101
17 47 191
17 48 249
17 49 115
17 50 46
17 51 174
17 52 125
17 53 192
17 54 154
17 55 268
17 56 153
17 57 103
17 58 276
17 59 183
17 60 291
17 61 218
17 62 276
17 63 275
17 64 256
17 65 185
17 66 242
17 67 209
17 68 142
17 69 111
17 70 96
17 71 200
17 72 38
17 73 85
17 74 285
17 75 147
17 76 274
17 77 116
17 78 119
17 79 282
17 80 121
17 81 275
17 82 208
17 83 182
17 84 173
17 85 247
17 86 210
17 87 210
17 88 209
17 89 126
17 90 232
17 91 242
17 92 263
17 93 187
17 94 194
17 95 276
17 96 218
17 97 40
17 98 248
17 99 277
18 1 43
18 2 239
18 3 250
18 4 200
18 5 225
18 6 219
18 7 102
18 8 120
18 9 235
18 10 198
18 11 230
18 12 100
18 13 130
18 14 155
18 15 37
18 16 118
18 17 271
18 19 75
18 20 86
18 21 42
18 22 220
18 23 109
18 24 37
18 25 116
18 26 81
18 27 176
18 28 68
18 29 214
18 30 34
18 31 196
18 32 78
18 33 65
18 34 37
18 35 219
18 36 200
18 37 93
18 38 96
18 39 274
18 40 189
18 41 88
18 42 230
18 43 221
18 44 173
18 45 281
18 46 275
18 47 88
18 48 109
18 49 57
18 50 156
18 51 92
18 52 223
18 53 285
18 54 34
18 55 66
18 56 178
18 57 298
18 58 124
18 59 260
18 60 232
18 61 164
18 62 221
18 63 134
18 64 128
18 65 139
18 66 84
18 67 285
18 68 38
18 69 61
18 70 211
18 71 226
18 72 253
18 73 237
18 74 67
18 75 219
18 76 194
18 77 262
18 78 253
18 79 135
18 80 285
18 81 118
18 82 291
18 83 277
18 84 201
18 85 209
18 86 94
18 87 271
18 88 233
18 89 188
18 90 166
18 91 267
18 92 132
18 93 124
18 94 93
18 95 110
18 96 74
18 97 294
18 98 288
18 99 242
19 1 78
19 2 57
19 3 46
19 4 174
19 5 144
19 6 276
19 7 165
19 8 110
19 9 143
19 10 142
19 11 59
19 12 145
19 13 132
19 14 64
19 15 285
19 16 79
19 17 110
19 18 75
19 20 45
19 21 59
19 22 123
19 23 124
19 24 90
19 25 165
19 26 284
19 27 200
19 28 80
19 29 66
19 30 131
19 31 207
19 32 59
19 33 138
19 34 76
19 35 81
19 36 98
19 37 258
19 38 216
19 39 229
19 40 104
19 41 207
19 42 99
19 43 148
19 44 35
19 45 47
19 46 101
19 47 275
19 48 47
19 49 171
19 50 138
19 51 209
19 52 167
19 53 150
19 54 220
19 55 50
19 56 248
19 57 160
19 58 95
19 59 33
19 60 209
19 61 58
19 62 224
19 63 93
19 64 216
19 65 286
19 66 89
19 67 94
19 68 183
19 69 271
19 70 247
19 71 95
19 72 246
19 73 45
19 74 238
19 75 237
19 76 163
19 77 151
19 78 286
19 79 92
19 80 245
19 81 47
19 82 61
19 83 119
19 84 82
19 85 102
19 86 140
19 87 62
19 88 227
19 89 231
19 90 74
19 91 293
19 92 211
19 93 116
19 94 89
19 95 93
19 96 141
19 97 52
19 98 120
19 99 300
20 1 207
20 2 157
20 3 191
20 4 263
20 5 102
20 6 167
20 7 284
20 8 233
20 9 179
20 10 204
20 11 156
20 12 126
20 13 207
20 14 190
20 15 182
20 16 133
20 17 86
20 18 86
20 19 45
20 21 148
20 22 125
20 23 160
20 24 83
20 25 143
20 26 100
20 27 191
20 28 265
20 29 171
20 30 120
20 31 189
20 32 224
20 33 46
20 34 125
20 35 127
20 36 109
20 37 92
20 38 233
20 39 235
20 40 142
20 41 74
20 42 213
20 43 167
20 44 239
20 45 153
20 46 272
20 47 276
20 48 62
20 49 265
20 50 64
20 51 85
20 52 190
20 53 221
20 54 108
20 55 269
20 56 87
20 57 244
20 58 227
20 59 230
20 60 239
20 61 191
20 62 294
20 63 257
20 64 238
20 65 238
20 66 252
20 67 160
20 68 108
20 69 246
20 70 68
20 71 104
20 72 48
20 73 237
20 74 280
20 75 37
20 76 220
20 77 87
20 78 98
20 79 74
20 80 262
20 81 230
20 82 154
20 83 125
20 84 261
20 85 60
20 86 134
20 87 34
20 88 225
20 89 41
20 90 251
20 91 141
20 92 40
20 93 99
20 94 56
20 95 259
20 96 169
20 97 289
20 98 54
20 99 267
21 1 262
21 2 114
21 3 35
21 4 251
21 5 271
21 6 294
21 7 77
21 8 145
21 9 92
21 10 134
21 11 285
21 12 52
21 13 72
21 14 51
21 15 63
21 16 112
21 17 166
21 18 42
21 19 59
21 20 148
21 22 122
21 23 285
21 24 293
21 25 150
21 26 36
21 27 80
21 28 58
21 29 234
21 30 210
21 31 280
21 32 255
21 33 47
21 34 168
21 35 141
21 36 106
21 37 189
21 38 90
21 39 233
21 40 164
21 41 263
21 42 105
21 43 56
21 44 184
21 45 39
21 46 180
21 47 197
21 48 235
21 49 286
21 50 297
21 51 265
21 52 183
21 53 69
21 54 78
21 55 162
21 56 248
21 57 71
21 58 79
21 59 248
21 60 77
21 61 205
21 62 77
21 63 33
21 64 287
21 65 273
21 66 51
21 67 164
21 68 81
21 69 135
21 70 170
21 71 276
21 72 105
21 73 168
21 74 245
21 75 202
21 76 100
21 77 278
21 78 215
21 79 294
21 80 164
21 81 241
21 82 292
21 83 139
21 84 118
21 85 132
21 86 188
21 87 150
21 88 40
21 89 296
21 90 165
21 91 266
21 92 118
21 93 244
21 94 67
21 95 131
21 96 120
21 97 168
21 98 234
21 99 224
22 1 163
22 2 294
22 3 140
22 4 213
22 5 192
22 6 88
22 7 141
22 8 189
22 9 257
22 10 190
22 11 285
22 12 161
22 13 212
22 14 199
22 15 78
22 16 119
22 17 192
22 18 220
22 19 123
22 20 125
22 21 122
22 23 107
22 24 118
22 25 273
22 26 287
22 27 153
22 28 117
22 29 245
22 30 235
22 31 130
22 32 125
22 33 50
22 34 82
22 35 208
22 36 231
22 37 214
22 38 38
22 39 111
22 40 60
22 41 116
22 42 274
22 43 202
22 44 199
22 45 76
22 46 123
22 47 300
22 48 277
22 49 228
22 50 30
22 51 177
22 52 74
22 53 295
22 54 274
22 55 247
22 56 299
22 57 91
22 58 258
22 59 202
22 60 297
22 61 185
22 62 224
22 63 69
22 64 74
22 65 110
22 66 70
22 67 40
22 68 120
22 69 266
22 70 262
22 71 251
22 72 89
22 73 193
22 74 112
22 75 36
22 76 165
22 77 294
22 78 253
22 79 256
22 80 133
22 81 132
22 82 92
22 83 90
22 84 200
22 85 91
22 86 262
22 87 35
22 88 73
22 89 73
22 90 270
22 91 57
22 92 70
22 93 189
22 94 255
22 95 36
22 96 245
22 97 208
22 98 123
22 99 225
23 1 273
23 2 74
23 3 51
23 4 163
23 5 108
23 6 114
23 7 84
23 8 202
23 9 300
23 10 175
23 11 175
23 12 70
23 13 89
23 14 129
23 15 230
23 16 157
23 17 201
23 18 109
23 19 124
23 20 160
23 21 285
23 22 107
23 24 228
23 25 80
23 26 135
23 27 171
23 28 67
23 29 74
23 30 260
23 31 251
23 32 90
23 33 115
23 34 35
23 35 59
23 36 47
23 37 278
23 38 96
23 39 286
23 40 40
23 41 219
23 42 233
23 43 65
23 44 213
23 45 167
23 46 64
23 47 68
23 48 291
23 49 183
23 50 215
23 51 176
23 52 108
23 53 78
23 54 90
23 55 261
23 56 228
23 57 288
23 58 168
23 59 238
23 60 51
23 61 252
23 62 237
23 63 161
23 64 117
23 65 219
23 66 51
23 67 179
23 68 298
23 69 151
23 70 35
23 71 143
23 72 116
23 73 196
23 74 285
23 75 174
23 76 80
23 77 72
23 78 183
23 79 92
23 80 107
23 81 250
23 82 130
23 83 195
23 84 88
23 85 236
23 86 195
23 87 214
23 88 38
23 89 143
23 90 188
23 91 67
23 92 293
23 93 143
23 94 279
23 95 65
23 96 136
23 97 131
23 98 257
23 99 246
24 1 34
24 2 224
24 3 200
24 4 105
24 5 219
24 6 287
24 7 89
24 8 33
24 9 110
24 10 215
24 11 199
24 12 216
24 13 270
24 14 142
24 15 166
24 16 240
24 17 140
24 18 37
24 19 90
24 20 83
24 21 293
24 22 118
24 23 228
24 25 43
24 26 89
24 27 283
24 28 287
24 29 247
24 30 94
24 31 268
24 32 275
24 33 36
24 34 256
24 35 192
24 36 294
24 37 158
24 38 153
24 39 182
24 40 159
24 41 93
24 42 217
24 43 104
24 44 118
24 45 220
24 46 168
24 47 53
24 48 125
24 49 144
24 50 105
24 51 99
24 52 273
24 53 191
24 54 142
24 55 240
24 56 252
24 57 264
24 58 154
24 59 103
24 60 214
24 61 149
24 62 275
24 63 296
24 64 35
24 65 198
24 66 266
24 67 121
24 68 173
24 69 133
24 70 274
24 71 142
24 72 36
24 73 109
24 74 293
24 75 163
24 76 276
24 77 158
24 78 94
24 79 107
24 80 251
24 81 275
24 82 254
24 83 109
24 84 273
24 85 250
24 86 252
24 87 109
24 88 199
24 89 104
24 90 202
24 91 290
24 92 140
24 93 74
24 94 135
24 95 91
24 96 164
24 97 50
24 98 198
24 99 189
25 1 94
25 2 289
25 3 281
25 4 119
25 5 42
25 6 259
25 7 227
25 8 71
25 9 201
25 10 129
25 11 116
25 12 255
25 13 146
25 14 123
25 15 207
25 16 72
25 17 221
25 18 116
25 19 165
25 20 143
25 21 150
25 22 273
25 23 80
25 24 43
25 26 57
25 27 227
25 28 173
25 29 136
25 30 107
25 31 84
25 32 202
25 33 296
25 34 300
25 35 116
25 36 74
25 37 204
25 38 46
25 39 89
25 40 175
25 41 291
25 42 121
25 43 227
25 44 51
25 45 226
25 46 144
25 47 89
25 48 135
25 49 178
25 50 94
25 51 204
25 52 170
25 53 88
25 54 117
25 55 202
25 56 168
25 57 156
25 58 56
25 59 247
25 60 200
25 61 196
25 62 221
25 63 93
25 64 66
25 65 223
25 66 161
25 67 68
25 68 261
25 69 200
25 70 53
25 71 94
25 72 276
25 73 159
25 74 122
25 75 121
25 76 52
25 77 123
25 78 34
25 79 42
25 80 214
25 81 230
25 82 202
25 83 178
25 84 54
25 85 172
25 86 179
25 87 134
25 88 85
25 89 140
25 90 265
25 91 190
25 92 80
25 93 69
25 94 271
25 95 97
25 96 54
25 97 153
25 98 104
25 99 245
26 1 52
26 2 32
26 3 235
26 4 284
26 5 284
26 6 149
26 7 170
26 8 215
26 9 138
26 10 64
26 11 234
26 12 240
26 13 155
26 14 95
26 15 264
26 16 281
26 17 31
26 18 81
26 19 284
26 20 100
26 21 36
26 22 287
26 23 135
26 24 89
26 25 57
26 27 36
26 28 63
26 29 205
26 30 50
26 31 218
26 32 279
26 33 233
26 34 182
26 35 79
26 36 167
26 37 287
26 38 114
26 39 195
26 40 159
26 41 141
26 42 204
26 43 231
26 44 163
26 45 270
26 46 149
26 47 43
26 48 186
26 49 229
26 50 143
26 51 98
26 52 137
26 53 61
26 54 113
26 55 222
26 56 229
26 57 34
26 58 44
26 59 221
26 60 107
26 61 276
26 62 137
26 63 171
26 64 54
26 65 285
26 66 174
26 67 280
26 68 35
26 69 32
26 70 172
26 71 105
26 72 205
26 73 278
26 74 276
26 75 203
26 76 220
26 77 74
26 78 245
26 79 103
26 80 262
26 81 115
26 82 159
26 83 190
26 84 156
26 85 222
26 86 252
26 87 59
26 88 154
26 89 128
26 90 289
26 91 225
26 92 159
26 93 232
26 94 249
26 95 62
26 96 78
26 97 92
26 98 104
26 99 44
27 1 273
27 2 205
27 3 191
27 4 70
27 5 147
27 6 124
27 7 240
27 8 258
27 9 268
27 10 269
27 11 118
27 12 86
27 13 37
27 14 61
27 15 281
27 16 126
27 17 219
27 18 176
27 19 200
27 20 191
27 21 80
27 22 153
27 23 171
27 24 283
27 25 227
27 26 36
27 28 249
27 29 45
27 30 125
27 31 71
27 32 184
27 33 130
27 34 247
27 35 223
27 36 266
27 37 31
27 38 295
27 39 193
27 40 244
27 41 193
27 42 154
27 43 112
27 44 84
27 45 282
27 46 296
27 47 174
27 48 159
27 49 142
27 50 60
27 51 262
27 52 103
27 53 120
27 54 215
27 55 97
27 56 229
27 57 160
27 58 188
27 59 121
27 60 58
27 61 93
27 62 40
27 63 95
27 64 55
27 65 235
27 66 71
27 67 48
27 68 121
27 69 104
27 70 250
27 71 40
27 72 130
27 73 300
27 74 108
27 75 147
27 76 84
27 77 246
27 78 44
27 79 119
27 80 236
27 81 230
27 82 222
27 83 59
27 84 107
27 85 129
27 86 82
27 87 99
27 88 215
27 89 159
27 90 57
27 91 192
27 92 109
27 93 297
27 94 176
27 95 237
27 96 79
27 97 249
27 98 264
27 99 144
28 1 121
28 2 81
28 3 86
28 4 217
28 5 221
28 6 83
28 7 62
28 8 76
28 9 35
28 10 235
28 11 191
28 12 127
28 13 33
28 14 113
28 15 31
28 16 159
28 17 58
28 18 68
28 19 80
28 20 265
28 21 58
28 22 117
28 23 67
28 24 287
28 25 173
28 26 63
28 27 249
28 29 104
28 30 30
28 31 211
28 32 251
28 33 116
28 34 264
28 35 297
28 36 190
28 37 172
28 38 76
28 39 169
28 40 89
28 41 176
28 42 251
28 43 209
28 44 62
28 45 94
28 46 69
28 47 80
28 48 140
28 49 128
28 50 72
28 51 161
28 52 80
28 53 62
28 54 127
28 55 77
28 56 218
28 57 271
28 58 177
28 59 81
28 60 300
28 61 247
28 62 191
28 63 176
28 64 132
28 65 292
28 66 223
28 67 261
28 68 142
28 69 67
28 70 132
28 71 209
28 72 222
28 73 153
28 74 145
28 75 171
28 76 92
28 77 227
28 78 204
28 79 281
28 80 292
28 81 137
28 82 263
28 83 182
28 84 209
28 85 205
28 86 287
28 87 193
28 88 65
28 89 157
28 90 182
28 91 106
28 92 63
28 93 214
28 94 153
28 95 152
28 96 294
28 97 279
28 98 278
28 99 75
29 1 171
29 2 243
29 3 296
29 4 138
29 5 66
29 6 63
29 7 206
29 8 248
29 9 267
29 10 212
29 11 163
29 12 232
29 13 281
29 14 255
29 15 145
29 16 257
29 17 36
29 18 214
29 19 66
29 20 171
29 21 234
29 22 245
29 23 74
29 24 247
29 25 136
29 26 205
29 27 45
29 28 104
29 30 204
29 31 56
29 32 92
29 33 279
29 34 55
29 35 274
29 36 239
29 37 156
29 38 129
29 39 47
29 40 117
29 41 246
29 42 181
29 43 177
29 44 176
29 45 161
29 46 40
29 47 152
29 48 288
29 49 264
29 50 88
29 51 33
29 52 255
29 53 229
29 54 189
29 55 104
29 56 126
29 57 81
29 58 163
29 59 180
29 60 202
29 61 142
29 62 245
29 63 288
29 64 100
29 65 90
29 66 109
29 67 61
29 68 137
29 69 268
29 70 269
29 71 43
29 72 190
29 73 169
29 74 198
29 75 300
29 76 95
29 77 129
29 78 197
29 79 249
29 80 39
29 81 85
29 82 196
29 83 149
29 84 140
29 85 191
29 86 160
29 87 290
29 88 169
29 89 131
29 90 151
29 91 53
29 92 94
29 93 272
29 94 69
29 95 268
29 96 255
29 97 125
29 98 201
29 99 114
30 1 232
30 2 84
30 3 192
30 4 34
30 5 53
30 6 35
30 7 249
30 8 97
30 9 88
30 10 208
30 11 86
30 12 200
30 13 113
30 14 116
30 15 116
30 16 264
30 17 96
30 18 34
30 19 131
30 20 120
30 21 210
30 22 235
30 23 260
30 24 94
30 25 107
30 26 50
30 27 125
30 28 30
30 29 204
30 31 94
30 32 42
30 33 93
30 34 188
30 35 157
30 36 227
30 37 33
30 38 277
30 39 183
30 40 284
30 41 207
30 42 133
30 43 187
30 44 222
30 45 61
30 46 212
30 47 293
30 48 50
30 49 69
30 50 95
30 51 73
30 52 110
30 53 102
30 54 255
30 55 256
30 56 144
30 57 279
30 58 62
30 59 114
30 60 269
30 61 218
30 62 240
30 63 228
30 64 56
30 65 208
30 66 217
30 67 147
30 68 155
30 69 214
30 70 210
30 71 150
30 72 102
30 73 185
30 74 272
30 75 40
30 76 144
30 77 190
30 78 222
30 79 182
30 80 224
30 81 208
30 82 96
30 83 159
30 84 213
30 85 259
30 86 174
30 87 274
30 88 96
30 89 69
30 90 297
30 91 295
30 92 85
30 93 203
30 94 222
30 95 246
30 96 270
30 97 186
30 98 56
30 99 228
31 1 44
31 2 40
31 3 101
31 4 129
31 5 210
31 6 190
31 7 184
31 8 264
31 9 179
31 10 261
31 11 285
31 12 107
31 13 260
31 14 144
31 15 107
31 16 79
31 17 203
31 18 196
31 19 207
31 20 189
31 21 280
31 22 130
31 23 251
31 24 268
31 25 84
31 26 218
31 27 71
31 28 211
31 29 56
31 30 94
31 32 50
31 33 182
31 34 56
31 35 94
31 36 218
31 37 52
31 38 264
31 39 246
31 40 278
31 41 30
31 42 126
31 43 71
31 44 99
31 45 139
31 46 256
31 47 144
31 48 235
31 49 297
31 50 276
31 51 167
31 52 188
31 53 104
31 54 269
31 55 59
31 56 218
31 57 31
31 58 46
31 59 266
31 60 92
31 61 118
31 62 223
31 63 154
31 64 40
31 65 140
31 66 261
31 67 208
31 68 254
31 69 66
31 70 289
31 71 163
31 72 30
31 73 125
31 74 226
31 75 146
31 76 155
31 77 139
31 78 49
31 79 73
31 80 181
31 81 37
31 82 199
31 83 213
31 84 31
31 85 203
31 86 147
31 87 192
31 88 30
31 89 236
31 90 260
31 91 168
31 92 276
31 93 65
31 94 190
31 95 42
31 96 238
31 97 41
31 98 134
31 99 206
32 1 39
32 2 172
32 3 233
32 4 206
32 5 108
32 6 83
32 7 161
32 8 157
32 9 300
32 10 96
32 11 277
32 12 191
32 13 156
32 14 75
32 15 220
32 16 181
32 17 85
32 18 78
32 19 59
32 20 224
32 21 255
32 22 125
32 23 90
32 24 275
32 25 202
32 26 279
32 27 184
32 28 251
32 29 92
32 30 42
32 31 50
32 33 137
32 34 297
32 35 169
32 36 221
32 37 213
32 38 231
32 39 45
32 40 50
32 41 155
32 42 80
32 43 219
32 44 204
32 45 159
32 46 234
32 47 250
32 48 114
32 49 77
32 50 119
32 51 202
32 52 298
32 53 84
32 54 151
32 55 300
32 56 81
32 57 95
32 58 37
32 59 67
32 60 276
32 61 166
32 62 149
32 63 243
32 64 290
32 65 224
32 66 202
32 67 40
32 68 47
32 69 222
32 70 184
32 71 110
32 72 168
32 73 263
32 74 130
32 75 193
32 76 225
32 77 267
32 78 298
32 79 228
32 80 74
32 81 272
32 82 197
32 83 168
32 84 152
32 85 223
32 86 160
32 87 35
32 88 82
32 89 157
32 90 141
32 91 269
32 92 199
32 93 132
32 94 86
32 95 174
32 96 241
32 97 118
32 98 220
32 99 251
33 1 145
33 2 244
33 3 31
33 4 293
33 5 184
33 6 267
33 7 166
33 8 257
33 9 173
33 10 76
33 11 144
33 12 210
33 13 78
33 14 166
33 15 171
33 16 283
33 17 237
33 18 65
33 19 138
33 20 46
33 21 47
33 22 50
33 23 115
33 24 36
33 25 296
33 26 233
33 27 130
33 28 116
33 29 279
33 30 93
33 31 182
33 32 137
33 34 60
33 35 71
33 36 126
33 37 280
33 38 194
33 39 242
33 40 177
33 41 240
33 42 243
33 43 113
33 44 288
33 45 39
33 46 98
33 47 264
33 48 274
33 49 128
33 50 39
33 51 299
33 52 34
33 53 190
33 54 62
33 55 287
33 56 253
33 57 95
33 58 62
33 59 122
33 60 41
33 61 32
33 62 180
33 63 121
33 64 286
33 65 114
33 66 66
33 67 84
33 68 137
33 69 117
33 70 205
33 71 106
33 72 52
33 73 259
33 74 265
33 75 107
33 76 122
33 77 137
33 78 49
33 79 209
33 80 224
33 81 106
33 82 123
33 83 291
33 84 165
33 85 244
33 86 33
33 87 207
33 88 165
33 89 137
33 90 45
33 91 124
33 92 286
33 93 130
33 94 277
33 95 236
33 96 218
33 97 269
33 98 222
33 99 193
34 1 98
34 2 285
34 3 296
34 4 163
34 5 43
34 6 199
34 7 70
34 8 153
34 9 199
34 10 62
34 11 171
34 12 160
34 13 193
34 14 199
34 15 277
34 16 269
34 17 280
34 18 37
34 19 76
34 20 125
34 21 168
34 22 82
34 23 35
34 24 256
34 25 300
34 26 182
34 27 247
34 28 264
34 29 55
34 30 188
34 31 56
34 32 297
34 33 60
34 35 173
34 36 190
34 37 183
34 38 150
34 39 127
34 40 118
34 41 122
34 42 118
34 43 200
34 44 210
34 45 246
34 46 48
34 47 92
34 48 85
34 49 294
34 50 97
34 51 50
34 52 164
34 53 134
34 54 239
34 55 198
34 56 189
34 57 148
34 58 167
34 59 222
34 60 171
34 61 41
34 62 264
34 63 190
34 64 297
34 65 177
34 66 181
34 67 42
34 68 168
34 69 48
34 70 126
34 71 133
34 72 118
34 73 157
34 74 242
34 75 91
34 76 94
34 77 192
34 78 259
34 79 87
34 80 223
34 81 212
34 82 190
34 83 131
34 84 104
34 85 61
34 86 173
34 87 92
34 88 151
34 89 120
34 90 93
34 91 90
34 92 262
34 93 90
34 94 125
34 95 163
34 96 194
34 97 110
34 98 252
34 99 238
35 1 142
35 2 201
35 3 194
35 4 128
35 5 40
35 6 168
35 7 140
35 8 94
35 9 170
35 10 69
35 11 221
35 12 50
35 13 287
35 14 55
35 15 158
35 16 186
35 17 123
35 18 219
35 19 81
35 20 127
35 21 141
35 22 208
35 23 59
35 24 192
35 25 116
35 26 79
35 27 223
35 28 297
35 29 274
35 30 157
35 31 94
35 32 169
35 33 71
35 34 173
35 36 151
35 37 298
35 38 105
35 39 201
35 40 185
35 41 225
35 42 104
35 43 154
35 44 166
35 45 105
35 46 145
35 47 284
35 48 112
35 49 35
35 50 150
35 51 129
35 52 67
35 53 156
35 54 106
35 55 296
35 56 195
35 57 273
35 58 61
35 59 133
35 60 129
35 61 250
35 62 116
35 63 130
35 64 157
35 65 226
35 66 213
35 67 66
35 68 227
35 69 261
35 70 208
35 71 124
35 72 63
35 73 103
35 74 218
35 75 46
35 76 266
35 77 262
35 78 141
35 79 220
35 80 195
35 81 60
35 82 223
35 83 265
35 84 123
35 85 101
35 86 160
35 87 225
35 88 130
35 89 167
35 90 100
35 91 223
35 92 225
35 93 256
35 94 255
35 95 129
35 96 129
35 97 114
35 98 32
35 99 45
36 1 73
36 2 186
36 3 139
36 4 223
36 5 66
36 6 125
36 7 90
36 8 194
36 9 35
36 10 104
36 11 242
36 12 280
36 13 250
36 14 123
36 15 265
36 16 177
36 17 106
36 18 200
36 19 98
36 20 109
36 21 106
36 22 231
36 23 47
36 24 294
36 25 74
36 26 167
36 27 266
36 28 190
36 29 239
36 30 227
36 31 218
36 32 221
36 33 126
36 34 190
36 35 151
36 37 224
36 38 211
36 39 75
36 40 290
36 41 41
36 42 188
36 43 285
36 44 201
36 45 266
36 46 155
36 47 193
36 48 45
36 49 252
36 50 115
36 51 152
36 52 128
36 53 37
36 54 215
36 55 149
36 56 194
36 57 279
36 58 30
36 59 101
36 60 30
36 61 128
36 62 162
36 63 102
36 64 256
36 65 180
36 66 82
36 67 292
36 68 120
36 69 267
36 70 216
36 71 220
36 72 169
36 73 140
36 74 51
36 75 132
36 76 111
36 77 157
36 78 81
36 79 236
36 80 103
36 81 247
36 82 77
36 83 39
36 84 117
36 85 36
36 86 91
36 87 147
36 88 107
36 89 72
36 90 157
36 91 235
36 92 62
36 93 31
36 94 147
36 95 261
36 96 258
36 97 173
36 98 245
36 99 240
37 1 251
37 2 147
37 3 141
37 4 194
37 5 262
37 6 63
37 7 178
37 8 59
37 9 132
37 10 258
37 11 227
37 12 288
37 13 51
37 14 296
37 15 284
37 16 294
37 17 292
37 18 93
37 19 258
37 20 92
37 21 189
37 22 214
37 23 278
37 24 158
37 25 204
37 26 287
37 27 31
37 28 172
37 29 156
37 30 33
37 31 52
37 32 213
37 33 280
37 34 183
37 35 298
37 36 224
37 38 157
37 39 242
37 40 134
37 41 257
37 42 285
37 43 131
37 44 243
37 45 264
37 46 288
37 47 122
37 48 168
37 49 201
37 50 159
37 51 141
37 52 91
37 53 136
37 54 56
37 55 178
37 56 246
37 57 213
37 58 160
37 59 150
37 60 211
37 61 153
37 62 157
37 63 240
37 64 231
37 65 36
37 66 241
37 67 114
37 68 202
37 69 85
37 70 73
37 71 119
37 72 173
37 73 40
37 74 58
37 75 205
37 76 170
37 77 174
37 78 38
37 79 64
37 80 209
37 81 177
37 82 33
37 83 117
37 84 152
37 85 270
37 86 71
37 87 292
37 88 127
37 89 37
37 90 148
37 91 284
37 92 151
37 93 122
37 94 97
37 95 91
37 96 199
37 97 204
37 98 224
37 99 220
38 1 132
38 2 85
38 3 199
38 4 187
38 5 106
38 6 142
38 7 288
38 8 226
38 9 230
38 10 198
38 11 217
38 12 39
38 13 40
38 14 233
38 15 42
38 16 42
38 17 95
38 18 96
38 19 216
38 20 233
38 21 90
38 22 38
38 23 96
38 24 153
38 25 46
38 26 114
38 27 295
38 28 76
38 29 129
38 30 277
38 31 264
38 32 231
38 33 194
38 34 150
38 35 105
38 36 211
38 37 157
38 39 187
38 40 286
38 41 204
38 42 66
38 43 212
38 44 122
38 45 221
38 46 282
38 47 70
38 48 278
38 49 208
38 50 109
38 51 251
38 52 227
38 53 292
38 54 188
38 55 257
38 56 51
38 57 271
38 58 141
38 59 74
38 60 161
38 61 167
38 62 161
38 63 60
38 64 292
38 65 210
38 66 206
38 67 133
38 68 93
38 69 231
38 70 86
38 71 257
38 72 127
38 73 75
38 74 244
38 75 138
38 76 173
38 77 64
38 78 295
38 79 236
38 80 83
38 81 52
38 82 102
38 83 117
38 84 110
38 85 69
38 86 101
38 87 182
38 88 70
38 89 130
38 90 167
38 91 121
38 92 271
38 93 286
38 94 212
38 95 69
38 96 135
38 97 130
38 98 264
38 99 152
39 1 126
39 2 176
39 3 186
39 4 152
39 5 234
39 6 274
39 7 228
39 8 226
39 9 60
39 10 176
39 11 30
39 12 195
39 13 97
39 14 130
39 15 153
39 16 250
39 17 127
39 18 274
39 19 229
39 20 235
39 21 233
39 22 111
39 23 286
39 24 182
39 25 89
39 26 195
39 27 193
39 28 169
39 29 47
39 30 183
39 31 246
39 32 45
39 33 242
39 34 127
39 35 201
39 36 75
39 37 242
39 38 187
39 40 109
39 41 218
39 42 165
39 43 31
39 44 32
39 45 191
39 46 280
39 47 279
39 48 31
39 49 300
39 50 39
39 51 150
39 52 266
39 53 268
39 54 145
39 55 240
39 56 193
39 57 220
39 58 120
39 59 168
39 60 176
39 61 36
39 62 57
39 63 269
39 64 236
39 65 138
39 66 243
39 67 295
39 68 145
39 69 41
39 70 64
39 71 92
39 72 58
39 73 126
39 74 59
39 75 259
39 76 274
39 77 269
39 78 172
39 79 262
39 80 270
39 81 180
39 82 152
39 83 102
39 84 183
39 85 153
39 86 70
39 87 154
39 88 189
39 89 139
39 90 110
39 91 168
39 92 232
39 93 66
39 94 293
39 95 116
39 96 266
39 97 294
39 98 154
39 99 103
40 1 224
40 2 49
40 3 81
40 4 50
40 5 271
40 6 277
40 7 165
40 8 275
40 9 296
40 10 161
40 11 202
40 12 208
40 13 116
40 14 178
40 15 67
40 16 82
40 17 248
40 18 189
40 19 104
40 20 142
40 21 164
40 22 60
40 23 40
40 24 159
40 25 175
40 26 159
40 27 244
40 28 89
40 29 117
40 30 284
40 31 278
40 32 50
40 33 177
40 34 118
40 35 185
40 36 290
40 37 134
40 38 286
40 39 109
40 41 219
40 42 260
40 43 33
40 44 140
40 45 46
40 46 31
40 47 280
40 48 179
40 49 219
40 50 220
40 51 69
40 52 52
40 53 212
40 54 39
40 55 280
40 56 178
40 57 70
40 58 34
40 59 230
40 60 84
40 61 45
40 62 76
40 63 291
40 64 110
40 65 212
40 66 139
40 67 184
40 68 108
40 69 253
40 70 81
40 71 46
40 72 161
40 73 144
40 74 54
40 75 268
40 76 53
40 77 93
40 78 298
40 79 245
40 80 279
40 81 56
40 82 268
40 83 133
40 84 251
40 85 296
40 86 127
40 87 240
40 88 115
40 89 290
40 90 63
40 91 288
40 92 78
40 93 99
40 94 234
40 95 100
40 96 50
40 97 256
40 98 232
40 99 159
41 1 216
41 2 189
41 3 200
41 4 31
41 5 231
41 6 81
41 7 284
41 8 233
41 9 256
41 10 276
41 11 249
41 12 30
41 13 234
41 14 218
41 15 258
41 16 166
41 17 259
41 18 88
41 19 207
41 20 74
41 21 263
41 22 116
41 23 219
41 24 93
41 25 291
41 26 141
41 27 193
41 28 176
41 29 246
41 30 207
41 31 30
41 32 155
41 33 240
41 34 122
41 35 225
41 36 41
41 37 257
41 38 204
41 39 218
41 40 219
41 42 298
41 43 96
41 44 253
41 45 192
41 46 290
41 47 83
41 48 215
41 49 210
41 50 227
41 51 193
41 52 70
41 53 168
41 54 164
41 55 290
41 56 134
41 57 133
41 58 199
41 59 166
41 60 96
41 61 101
41 62 44
41 63 91
41 64 123
41 65 246
41 66 259
41 67 245
41 68 242
41 69 242
41 70 98
41 71 178
41 72 87
41 73 61
41 74 101
41 75 64
41 76 98
41 77 171
41 78 290
41 79 150
41 80 136
41 81 69
41 82 34
41 83 193
41 84 52
41 85 280
41 86 72
41 87 125
41 88 60
41 89 63
41 90 67
41 91 100
41 92 43
41 93 53
41 94 198
41 95 111
41 96 294
41 97 143
41 98 229
41 99 291
42 1 81
42 2 264
42 3 123
42 4 191
42 5 169
42 6 217
42 7 298
42 8 282
42 9 168
42 10 41
42 11 299
42 12 97
42 13 176
42 14 88
42 15 292
42 16 112
42 17 174
42 18 230
42 19 99
42 20 213
42 21 105
42 22 274
42 23 233
42 24 217
42 25 121
42 26 204
42 27 154
42 28 251
42 29 181
42 30 133
42 31 126
42 32 80
42 33 243
42 34 118
42 35 104
42 36 188
42 37 285
42 38 66
42 39 165
42 40 260
42 41 298
42 43 55
42 44 38
42 45 177
42 46 261
42 47 169
42 48 222
42 49 215
42 50 137
42 51 134
42 52 123
42 53 283
42 54 260
42 55 200
42 56 234
42 57 177
42 58 40
42 59 293
42 60 200
42 61 39
42 62 35
42 63 285
42 64 167
42 65 243
42 66 180
42 67 212
42 68 227
42 69 100
42 70 150
42 71 200
42 72 265
42 73 202
42 74 190
42 75 94
42 76 170
42 77 92
42 78 283
42 79 245
42 80 130
42 81 155
42 82 171
42 83 97
42 84 141
42 85 50
42 86 68
42 87 98
42 88 213
42 89 237
42 90 150
42 91 220
42 92 167
42 93 113
42 94 94
42 95 162
42 96 66
42 97 122
42 98 296
42 99 177
43 1 86
43 2 58
43 3 123
43 4 68
43 5 87
43 6 106
43 7 233
43 8 200
43 9 57
43 10 216
43 11 48
43 12 97
43 13 103
43 14 35
43 15 152
43 16 62
43 17 215
43 18 221
43 19 148
43 20 167
43 21 56
43 22 202
43 23 65
43 24 104
43 25 227
43 26 231
43 27 112
43 28 209
43 29 177
