s 1 47
s 2 134
s 3 150
s 4 296
s 5 197
s 6 55
s 7 41
s 8 147
s 9 268
s 10 237
s 11 99
s 12 119
s 13 274
s 14 276
s 15 223
s 16 223
s 17 203
s 18 242
s 19 243
s 20 132
s 21 260
s 22 176
s 23 185
s 24 71
s 25 246
s 26 296
s 27 270
s 28 119
s 29 59
s 30 297
s 31 214
s 32 242
s 33 217
s 34 56
s 35 118
s 36 120
s 37 107
s 38 166
s 39 239
s 40 246
s 41 282
s 42 63
s 43 270
s 44 30
s 45 223
s 46 203
s 47 291
s 48 149
s 49 133
s 50 231
s 51 175
s 52 297
s 53 66
s 54 152
s 55 34
s 56 92
s 57 40
s 58 185
s 59 141
s 60 174
s 61 157
s 62 227
s 63 265
s 64 265
s 65 62
s 66 110
s 67 66
s 68 195
s 69 257
s 70 158
s 71 50
s 72 84
s 73 52
s 74 256
s 75 62
s 76 65
s 77 46
s 78 259
s 79 93
s 80 203
s 81 248
s 82 87
s 83 37
s 84 155
s 85 265
s 86 178
s 87 69
s 88 287
s 89 69
s 90 77
s 91 113
s 92 202
s 93 44
s 94 101
s 95 232
s 96 292
s 97 158
s 98 262
s 99 39
1 2 122
1 3 143
1 4 138
1 5 52
1 6 135
1 7 77
1 8 130
1 9 66
1 10 195
1 11 244
1 12 209
1 13 267
1 14 145
1 15 46
1 16 193
1 17 222
1 18 197
1 19 175
1 20 109
1 21 95
1 22 244
1 23 227
1 24 170
1 25 139
1 26 99
1 27 179
1 28 276
1 29 111
1 30 45
1 31 48
1 32 58
1 33 189
1 34 185
1 35 232
1 36 164
1 37 113
1 38 50
1 39 241
1 40 236
1 41 209
1 42 111
1 43 80
1 44 159
1 45 72
1 46 168
1 47 94
1 48 30
1 49 264
1 50 44
1 51 121
1 52 145
1 53 195
1 54 201
1 55 223
1 56 184
1 57 270
1 58 49
1 59 284
1 60 141
1 61 188
1 62 84
1 63 167
1 64 273
1 65 153
1 66 144
1 67 255
1 68 66
1 69 200
1 70 82
1 71 91
1 72 289
1 73 226
1 74 149
1 75 57
1 76 265
1 77 41
1 78 136
1 79 139
1 80 123
1 81 184
1 82 51
1 83 259
1 84 152
1 85 124
1 86 276
1 87 91
1 88 283
1 89 35
1 90 58
1 91 139
1 92 71
1 93 248
1 94 38
1 95 180
1 96 266
1 97 140
1 98 141
1 99 273
2 1 122
2 3 180
2 4 161
2 5 259
2 6 69
2 7 124
2 8 300
2 9 116
2 10 37
2 11 31
2 12 259
2 13 133
2 14 270
2 15 120
2 16 157
2 17 39
2 18 223
2 19 260
2 20 202
2 21 264
2 22 103
2 23 84
2 24 78
2 25 67
2 26 181
2 27 75
2 28 130
2 29 219
2 30 62
2 31 118
2 32 76
2 33 255
2 34 137
2 35 271
2 36 74
2 37 178
2 38 73
2 39 275
2 40 164
2 41 251
2 42 238
2 43 137
2 44 238
2 45 204
2 46 250
2 47 261
2 48 269
2 49 209
2 50 98
2 51 248
2 52 136
2 53 157
2 54 84
2 55 116
2 56 151
2 57 286
2 58 107
2 59 67
2 60 115
2 61 282
2 62 39
2 63 92
2 64 225
2 65 121
2 66 199
2 67 245
2 68 108
2 69 272
2 70 40
2 71 229
2 72 191
2 73 35
2 74 274
2 75 139
2 76 71
2 77 172
2 78 245
2 79 141
2 80 111
2 81 54
2 82 241
2 83 48
2 84 166
2 85 57
2 86 159
2 87 272
2 88 281
2 89 260
2 90 48
2 91 218
2 92 101
2 93 283
2 94 92
2 95 60
2 96 259
2 97 210
2 98 172
2 99 71
3 1 143
3 2 180
3 4 210
3 5 50
3 6 280
3 7 61
3 8 191
3 9 58
3 10 61
3 11 92
3 12 231
3 13 207
3 14 297
3 15 108
3 16 194
3 17 46
3 18 78
3 19 237
3 20 243
3 21 256
3 22 172
3 23 263
3 24 226
3 25 211
3 26 95
3 27 225
3 28 179
3 29 152
3 30 78
3 31 208
3 32 142
3 33 171
3 34 143
3 35 184
3 36 110
3 37 151
3 38 200
3 39 109
3 40 190
3 41 250
3 42 143
3 43 224
3 44 87
3 45 89
3 46 106
3 47 149
3 48 157
3 49 239
3 50 49
3 51 110
3 52 57
3 53 276
3 54 239
3 55 212
3 56 84
3 57 247
3 58 46
3 59 179
3 60 143
3 61 247
3 62 138
3 63 264
3 64 105
3 65 298
3 66 214
3 67 171
3 68 191
3 69 282
3 70 79
3 71 157
3 72 103
3 73 53
3 74 110
3 75 289
3 76 67
3 77 202
3 78 207
3 79 290
3 80 161
3 81 177
3 82 137
3 83 298
3 84 250
3 85 138
3 86 244
3 87 223
3 88 49
3 89 89
3 90 267
3 91 106
3 92 67
3 93 229
3 94 107
3 95 99
3 96 110
3 97 122
3 98 270
3 99 162
4 1 138
4 2 161
4 3 210
4 5 166
4 6 239
4 7 75
4 8 135
4 9 249
4 10 152
4 11 231
4 12 72
4 13 67
4 14 254
4 15 272
4 16 276
4 17 88
4 18 204
4 19 106
4 20 196
4 21 131
4 22 180
4 23 251
4 24 272
4 25 64
4 26 268
4 27 142
4 28 101
4 29 66
4 30 221
4 31 180
4 32 217
4 33 249
4 34 228
4 35 74
4 36 151
4 37 134
4 38 236
4 39 250
4 40 45
4 41 51
4 42 290
4 43 143
4 44 157
4 45 190
4 46 35
4 47 179
4 48 46
4 49 215
4 50 160
4 51 179
4 52 255
4 53 116
4 54 42
4 55 240
4 56 73
4 57 109
4 58 61
4 59 50
4 60 166
4 61 113
4 62 121
4 63 231
4 64 218
4 65 216
4 66 118
4 67 207
4 68 167
4 69 230
4 70 45
4 71 231
4 72 117
4 73 163
4 74 268
4 75 179
4 76 230
4 77 117
4 78 251
4 79 263
4 80 35
4 81 63
4 82 194
4 83 195
4 84 266
4 85 71
4 86 295
4 87 85
4 88 221
4 89 176
4 90 284
4 91 93
4 92 52
4 93 296
4 94 111
4 95 222
4 96 120
4 97 74
4 98 279
4 99 182
5 1 52
5 2 259
5 3 50
5 4 166
5 6 198
5 7 160
5 8 112
5 9 35
5 10 118
5 11 119
5 12 47
5 13 234
5 14 105
5 15 120
5 16 210
5 17 144
5 18 280
5 19 146
5 20 234
5 21 279
5 22 246
5 23 205
5 24 276
5 25 91
5 26 224
5 27 39
5 28 224
5 29 126
5 30 61
5 31 235
5 32 227
5 33 214
5 34 67
5 35 203
5 36 229
5 37 57
5 38 220
5 39 149
5 40 154
5 41 169
5 42 100
5 43 112
5 44 263
5 45 54
5 46 119
5 47 61
5 48 46
5 49 193
5 50 31
5 51 148
5 52 218
5 53 73
5 54 78
5 55 67
5 56 48
5 57 269
5 58 235
5 59 114
5 60 85
5 61 226
5 62 273
5 63 256
5 64 108
5 65 226
5 66 160
5 67 53
5 68 100
5 69 117
5 70 183
5 71 260
5 72 82
5 73 54
5 74 296
5 75 146
5 76 155
5 77 53
5 78 149
5 79 70
5 80 197
5 81 73
5 82 194
5 83 77
5 84 261
5 85 86
5 86 143
5 87 229
5 88 223
5 89 189
5 90 71
5 91 243
5 92 188
5 93 56
5 94 186
5 95 250
5 96 199
5 97 129
5 98 69
5 99 264
6 1 135
6 2 69
6 3 280
6 4 239
6 5 198
6 7 211
6 8 109
6 9 43
6 10 86
6 11 63
6 12 86
6 13 250
6 14 300
6 15 133
6 16 75
6 17 93
6 18 219
6 19 93
6 20 226
6 21 140
6 22 126
6 23 76
6 24 95
6 25 65
6 26 217
6 27 198
6 28 170
6 29 75
6 30 256
6 31 218
6 32 279
6 33 126
6 34 171
6 35 286
6 36 30
6 37 67
6 38 114
6 39 176
6 40 144
6 41 230
6 42 159
6 43 191
6 44 150
6 45 181
6 46 188
6 47 241
6 48 246
6 49 234
6 50 291
6 51 202
6 52 40
6 53 265
6 54 274
6 55 145
6 56 278
6 57 110
6 58 207
6 59 215
6 60 137
6 61 120
6 62 182
6 63 145
6 64 83
6 65 298
6 66 256
6 67 131
6 68 153
6 69 252
6 70 193
6 71 109
6 72 214
6 73 178
6 74 285
6 75 251
6 76 223
6 77 116
6 78 99
6 79 201
6 80 68
6 81 134
6 82 147
6 83 243
6 84 265
6 85 77
6 86 262
6 87 39
6 88 263
6 89 98
6 90 292
6 91 224
6 92 149
6 93 86
6 94 294
6 95 290
6 96 49
6 97 164
6 98 33
6 99 129
7 1 77
7 2 124
7 3 61
7 4 75
7 5 160
7 6 211
7 8 53
7 9 85
7 10 297
7 11 87
7 12 270
7 13 219
7 14 46
7 15 249
7 16 203
7 17 246
7 18 219
7 19 121
7 20 150
7 21 225
7 22 223
7 23 36
7 24 195
7 25 64
7 26 91
7 27 170
7 28 280
7 29 32
7 30 153
7 31 252
7 32 31
7 33 115
7 34 63
7 35 247
7 36 32
7 37 68
7 38 226
7 39 270
7 40 54
7 41 186
7 42 250
7 43 272
7 44 296
7 45 60
7 46 95
7 47 77
7 48 35
7 49 130
7 50 230
7 51 151
7 52 294
7 53 294
7 54 70
7 55 89
7 56 209
7 57 179
7 58 76
7 59 239
7 60 61
7 61 195
7 62 235
7 63 61
7 64 47
7 65 255
7 66 68
7 67 233
7 68 259
7 69 176
7 70 200
7 71 172
7 72 295
7 73 162
7 74 160
7 75 212
7 76 174
7 77 71
7 78 57
7 79 59
7 80 298
7 81 232
7 82 118
7 83 55
7 84 52
7 85 295
7 86 168
7 87 81
7 88 299
7 89 163
7 90 99
7 91 297
7 92 166
7 93 165
7 94 189
7 95 212
7 96 167
7 97 90
7 98 239
7 99 132
8 1 130
8 2 300
8 3 191
8 4 135
8 5 112
8 6 109
8 7 53
8 9 206
8 10 152
8 11 54
8 12 244
8 13 195
8 14 261
8 15 51
8 16 156
8 17 113
8 18 78
8 19 54
8 20 183
8 21 180
8 22 65
8 23 180
8 24 70
8 25 135
8 26 92
8 27 131
8 28 261
8 29 95
8 30 205
8 31 70
8 32 154
8 33 51
8 34 95
8 35 160
8 36 129
8 37 57
8 38 266
8 39 270
8 40 86
8 41 239
8 42 78
8 43 52
8 44 239
8 45 40
8 46 65
8 47 123
8 48 58
8 49 65
8 50 104
8 51 237
8 52 163
8 53 271
8 54 248
8 55 218
8 56 76
8 57 284
8 58 232
8 59 49
8 60 43
8 61 300
8 62 42
8 63 237
8 64 53
8 65 199
8 66 152
8 67 268
8 68 261
8 69 216
8 70 188
8 71 161
8 72 254
8 73 279
8 74 47
8 75 247
8 76 90
8 77 253
8 78 195
8 79 126
8 80 219
8 81 143
8 82 260
8 83 32
8 84 254
8 85 82
8 86 179
8 87 69
8 88 64
8 89 126
8 90 101
8 91 208
8 92 247
8 93 250
8 94 107
8 95 187
8 96 35
8 97 118
8 98 101
8 99 288
9 1 66
9 2 116
9 3 58
9 4 249
9 5 35
9 6 43
9 7 85
9 8 206
9 10 133
9 11 198
9 12 99
9 13 243
9 14 169
9 15 42
9 16 82
9 17 226
9 18 70
9 19 117
9 20 158
9 21 237
9 22 214
9 23 163
9 24 192
9 25 293
9 26 83
9 27 141
9 28 287
9 29 98
9 30 118
9 31 98
9 32 237
9 33 222
9 34 62
9 35 80
9 36 177
9 37 157
9 38 115
9 39 125
9 40 57
9 41 275
9 42 134
9 43 175
9 44 242
9 45 149
9 46 177
9 47 227
9 48 182
9 49 58
9 50 33
9 51 258
9 52 218
9 53 67
9 54 92
9 55 56
9 56 280
9 57 135
9 58 236
9 59 174
9 60 251
9 61 254
9 62 200
9 63 51
9 64 108
9 65 231
9 66 161
9 67 181
9 68 53
9 69 197
9 70 130
9 71 237
9 72 289
9 73 230
9 74 264
9 75 138
9 76 94
9 77 230
9 78 269
9 79 52
9 80 59
9 81 228
9 82 123
9 83 89
9 84 124
9 85 88
9 86 293
9 87 263
9 88 187
9 89 201
9 90 166
9 91 156
9 92 261
9 93 85
9 94 147
9 95 189
9 96 198
9 97 114
9 98 261
9 99 260
10 1 195
10 2 37
10 3 61
10 4 152
10 5 118
10 6 86
10 7 297
10 8 152
10 9 133
10 11 237
10 12 293
10 13 106
10 14 82
10 15 213
10 16 138
10 17 252
10 18 94
10 19 249
10 20 258
10 21 254
10 22 267
10 23 80
10 24 193
10 25 152
10 26 280
10 27 58
10 28 199
10 29 243
10 30 183
10 31 191
10 32 82
10 33 191
10 34 69
10 35 271
10 36 121
10 37 85
10 38 291
10 39 236
10 40 237
10 41 116
10 42 174
10 43 300
10 44 67
10 45 129
10 46 144
10 47 188
10 48 162
10 49 265
10 50 127
10 51 210
10 52 105
10 53 137
10 54 259
10 55 265
10 56 228
10 57 43
10 58 293
10 59 153
10 60 222
10 61 247
10 62 85
10 63 103
10 64 255
10 65 158
10 66 176
10 67 210
10 68 248
10 69 195
10 70 179
10 71 97
10 72 60
10 73 67
10 74 216
10 75 223
10 76 292
10 77 214
10 78 33
10 79 238
10 80 199
10 81 53
10 82 276
10 83 85
10 84 192
10 85 60
10 86 227
10 87 197
10 88 291
10 89 247
10 90 38
10 91 269
10 92 102
10 93 287
10 94 237
10 95 102
10 96 71
10 97 268
10 98 223
10 99 256
11 1 244
11 2 31
11 3 92
11 4 231
11 5 119
11 6 63
11 7 87
11 8 54
11 9 198
11 10 237
11 12 216
11 13 177
11 14 153
11 15 56
11 16 206
11 17 193
11 18 219
11 19 64
11 20 252
11 21 268
11 22 34
11 23 46
11 24 170
11 25 176
11 26 42
11 27 98
11 28 193
11 29 257
11 30 148
11 31 171
11 32 223
11 33 181
11 34 179
11 35 121
11 36 229
11 37 86
11 38 165
11 39 298
11 40 280
11 41 198
11 42 258
11 43 38
11 44 167
11 45 41
11 46 179
11 47 289
11 48 55
11 49 146
11 50 243
11 51 45
11 52 76
11 53 30
11 54 48
11 55 33
11 56 240
11 57 255
11 58 158
11 59 119
11 60 124
11 61 106
11 62 208
11 63 287
11 64 177
11 65 224
11 66 285
11 67 38
11 68 269
11 69 190
11 70 185
11 71 238
11 72 81
11 73 45
11 74 282
11 75 251
11 76 243
11 77 76
11 78 176
11 79 192
11 80 156
11 81 130
11 82 91
11 83 170
11 84 265
11 85 80
11 86 142
11 87 222
11 88 110
11 89 233
11 90 224
11 91 250
11 92 234
11 93 209
11 94 135
11 95 73
11 96 215
11 97 214
11 98 218
11 99 220
12 1 209
12 2 259
12 3 231
12 4 72
12 5 47
12 6 86
12 7 270
12 8 244
12 9 99
12 10 293
12 11 216
12 13 208
12 14 171
12 15 140
12 16 213
12 17 174
12 18 141
12 19 289
12 20 273
12 21 63
12 22 97
12 23 69
12 24 146
12 25 193
12 26 275
12 27 85
12 28 293
12 29 180
12 30 134
12 31 159
12 32 219
12 33 280
12 34 139
12 35 120
12 36 99
12 37 113
12 38 282
12 39 286
12 40 297
12 41 300
12 42 200
12 43 49
12 44 132
12 45 63
12 46 214
12 47 166
12 48 33
12 49 242
12 50 173
12 51 82
12 52 290
12 53 287
12 54 277
12 55 282
12 56 62
12 57 108
12 58 139
12 59 92
12 60 164
12 61 62
12 62 269
12 63 63
12 64 80
12 65 217
12 66 272
12 67 106
12 68 185
12 69 87
12 70 272
12 71 251
12 72 177
12 73 217
12 74 273
12 75 297
12 76 147
12 77 74
12 78 113
12 79 195
12 80 135
12 81 58
12 82 175
12 83 39
12 84 280
12 85 72
12 86 82
12 87 211
12 88 294
12 89 255
12 90 134
12 91 248
12 92 198
12 93 114
12 94 233
12 95 292
12 96 59
12 97 110
12 98 217
12 99 109
13 1 267
13 2 133
13 3 207
13 4 67
13 5 234
13 6 250
13 7 219
13 8 195
13 9 243
13 10 106
13 11 177
13 12 208
13 14 118
13 15 162
13 16 235
13 17 109
13 18 221
13 19 87
13 20 215
13 21 300
13 22 146
13 23 183
13 24 98
13 25 211
13 26 299
13 27 208
13 28 158
13 29 65
13 30 213
13 31 259
13 32 239
13 33 119
13 34 61
13 35 242
13 36 41
13 37 203
13 38 180
13 39 170
13 40 240
13 41 31
13 42 48
13 43 192
13 44 95
13 45 39
13 46 97
13 47 194
13 48 261
13 49 122
13 50 165
13 51 133
13 52 61
13 53 115
13 54 243
13 55 267
13 56 108
13 57 55
13 58 228
13 59 243
13 60 252
13 61 198
13 62 207
13 63 147
13 64 73
13 65 117
13 66 187
13 67 101
13 68 246
13 69 38
13 70 102
13 71 101
13 72 142
13 73 37
13 74 56
13 75 173
13 76 249
13 77 107
13 78 71
13 79 72
13 80 260
13 81 183
13 82 165
13 83 90
13 84 217
13 85 206
13 86 187
13 87 145
13 88 237
13 89 50
13 90 186
13 91 156
13 92 96
13 93 260
13 94 147
13 95 242
13 96 225
13 97 72
13 98 160
13 99 120
14 1 145
14 2 270
14 3 297
14 4 254
14 5 105
14 6 300
14 7 46
14 8 261
14 9 169
14 10 82
14 11 153
14 12 171
14 13 118
14 15 264
14 16 298
14 17 256
14 18 162
14 19 165
14 20 39
14 21 260
14 22 91
14 23 223
14 24 151
14 25 122
14 26 288
14 27 54
14 28 299
14 29 60
14 30 238
14 31 183
14 32 298
14 33 34
14 34 136
14 35 117
14 36 217
14 37 190
14 38 139
14 39 172
14 40 141
14 41 135
14 42 155
14 43 63
14 44 208
14 45 202
14 46 300
14 47 47
14 48 65
14 49 266
14 50 209
14 51 188
14 52 189
14 53 182
14 54 248
14 55 113
14 56 93
14 57 121
14 58 134
14 59 286
14 60 72
14 61 74
14 62 63
14 63 89
14 64 32
14 65 33
14 66 58
14 67 95
14 68 108
14 69 204
14 70 70
14 71 132
14 72 182
14 73 77
14 74 216
14 75 231
14 76 131
14 77 46
14 78 181
14 79 60
14 80 223
14 81 250
14 82 290
14 83 96
14 84 263
14 85 159
14 86 192
14 87 76
14 88 151
14 89 223
14 90 199
14 91 101
14 92 246
14 93 115
14 94 134
14 95 38
14 96 297
14 97 260
14 98 241
14 99 187
15 1 46
15 2 120
15 3 108
15 4 272
15 5 120
15 6 133
15 7 249
15 8 51
15 9 42
15 10 213
15 11 56
15 12 140
15 13 162
15 14 264
15 16 243
15 17 85
15 18 296
15 19 268
15 20 185
15 21 163
15 22 144
15 23 220
15 24 247
15 25 243
15 26 288
15 27 91
15 28 198
15 29 134
15 30 102
15 31 109
15 32 120
15 33 99
15 34 52
15 35 35
15 36 259
15 37 201
15 38 195
15 39 182
15 40 297
15 41 249
15 42 227
15 43 216
15 44 219
15 45 102
15 46 174
15 47 233
15 48 212
15 49 255
15 50 259
15 51 271
15 52 90
15 53 206
15 54 178
15 55 156
15 56 97
15 57 274
15 58 57
15 59 66
15 60 61
15 61 275
15 62 130
15 63 272
15 64 166
15 65 160
15 66 75
15 67 232
15 68 69
15 69 103
15 70 98
15 71 172
15 72 90
15 73 82
15 74 260
15 75 106
15 76 107
15 77 101
15 78 53
15 79 109
15 80 273
15 81 72
15 82 274
15 83 238
15 84 107
15 85 145
15 86 155
15 87 69
15 88 169
15 89 73
15 90 103
15 91 259
15 92 71
15 93 136
15 94 238
15 95 266
15 96 64
15 97 65
15 98 71
15 99 217
16 1 193
16 2 157
16 3 194
16 4 276
16 5 210
16 6 75
16 7 203
16 8 156
16 9 82
16 10 138
16 11 206
16 12 213
16 13 235
16 14 298
16 15 243
16 17 117
16 18 82
16 19 192
16 20 221
16 21 30
16 22 244
16 23 226
16 24 277
16 25 296
16 26 218
16 27 240
16 28 60
16 29 153
16 30 121
16 31 285
16 32 186
16 33 248
16 34 148
16 35 174
16 36 262
16 37 149
16 38 64
16 39 61
16 40 56
16 41 115
16 42 177
16 43 73
16 44 69
16 45 181
16 46 79
16 47 47
16 48 216
16 49 83
16 50 188
16 51 36
16 52 72
16 53 141
16 54 166
16 55 112
16 56 120
16 57 265
16 58 106
16 59 250
16 60 208
16 61 265
16 62 193
16 63 151
16 64 110
16 65 231
16 66 300
16 67 290
16 68 151
16 69 179
16 70 69
16 71 278
16 72 279
16 73 64
16 74 283
16 75 149
16 76 62
16 77 290
16 78 170
16 79 66
16 80 138
16 81 132
16 82 32
16 83 154
16 84 155
16 85 254
16 86 241
16 87 109
16 88 231
16 89 47
16 90 267
16 91 68
16 92 229
16 93 106
16 94 58
16 95 59
16 96 257
16 97 39
16 98 42
16 99 273
17 1 222
17 2 39
17 3 46
17 4 88
17 5 144
17 6 93
17 7 246
17 8 113
17 9 226
17 10 252
17 11 193
17 12 174
17 13 109
17 14 256
17 15 85
17 16 117
17 18 197
17 19 273
17 20 52
17 21 236
17 22 202
17 23 94
17 24 286
17 25 250
17 26 297
17 27 48
17 28 70
17 29 163
17 30 225
17 31 159
17 32 111
17 33 176
17 34 248
17 35 46
17 36 143
17 37 90
17 38 210
17 39 143
17 40 147
17 41 202
17 42 117
17 43 100
17 44 116
17 45 201
17 46 229
17 47 133
17 48 99
17 49 96
17 50 245
17 51 152
17 52 47
17 53 154
17 54 34
17 55 277
17 56 197
17 57 216
17 58 38
17 59 156
17 60 157
17 61 54
17 62 93
17 63 228
17 64 137
17 65 48
17 66 120
17 67 120
17 68 176
17 69 160
17 70 263
17 71 261
17 72 57
17 73 115
17 74 100
17 75 226
17 76 132
17 77 186
17 78 258
17 79 300
17 80 146
17 81 102
17 82 162
17 83 87
17 84 81
17 85 268
17 86 253
17 87 38
17 88 188
17 89 82
17 90 59
17 91 292
17 92 131
17 93 112
17 94 99
17 95 232
17 96 232
17 97 215
17 98 205
17 99 288
18 1 197
18 2 223
18 3 78
18 4 204
18 5 280
18 6 219
18 7 219
18 8 78
18 9 70
18 10 94
18 11 219
18 12 141
18 13 221
18 14 162
18 15 296
18 16 82
18 17 197
18 19 83
18 20 244
18 21 117
18 22 45
18 23 242
18 24 62
18 25 243
18 26 82
18 27 42
18 28 128
18 29 64
18 30 154
18 31 265
18 32 174
18 33 35
18 34 241
18 35 167
18 36 258
18 37 201
18 38 82
18 39 190
18 40 265
18 41 197
18 42 131
18 43 147
18 44 68
18 45 180
18 46 49
18 47 239
18 48 35
18 49 163
18 50 173
18 51 66
18 52 91
18 53 186
18 54 203
18 55 212
18 56 41
18 57 176
18 58 87
18 59 36
18 60 292
18 61 297
18 62 273
18 63 94
18 64 262
18 65 42
18 66 46
18 67 292
18 68 60
18 69 49
18 70 195
18 71 153
18 72 51
18 73 224
18 74 110
18 75 212
18 76 123
18 77 143
18 78 36
18 79 266
18 80 161
18 81 56
18 82 46
18 83 80
18 84 45
18 85 180
18 86 275
18 87 93
18 88 158
18 89 244
18 90 97
18 91 222
18 92 259
18 93 217
18 94 46
18 95 53
18 96 295
18 97 82
18 98 129
18 99 126
19 1 175
19 2 260
19 3 237
19 4 106
19 5 146
19 6 93
19 7 121
19 8 54
19 9 117
19 10 249
19 11 64
19 12 289
19 13 87
19 14 165
19 15 268
19 16 192
19 17 273
19 18 83
19 20 292
19 21 270
19 22 233
19 23 220
19 24 112
19 25 50
19 26 59
19 27 120
19 28 235
19 29 91
19 30 74
19 31 220
19 32 121
19 33 213
19 34 210
19 35 212
19 36 96
19 37 48
19 38 264
19 39 197
19 40 132
19 41 44
19 42 210
19 43 264
19 44 165
19 45 167
19 46 203
19 47 104
19 48 251
19 49 67
19 50 275
19 51 133
19 52 40
19 53 262
19 54 221
19 55 193
19 56 243
19 57 30
19 58 161
19 59 247
19 60 78
19 61 75
19 62 300
19 63 56
19 64 213
19 65 114
19 66 271
19 67 235
19 68 298
19 69 245
19 70 74
19 71 147
19 72 143
19 73 274
19 74 299
19 75 40
19 76 220
19 77 102
19 78 78
19 79 292
19 80 185
19 81 229
19 82 267
19 83 240
19 84 71
19 85 119
19 86 264
19 87 141
19 88 248
19 89 295
19 90 76
19 91 268
19 92 118
19 93 146
19 94 277
19 95 256
19 96 116
19 97 132
19 98 242
19 99 181
20 1 109
20 2 202
20 3 243
20 4 196
20 5 234
20 6 226
20 7 150
20 8 183
20 9 158
20 10 258
20 11 252
20 12 273
20 13 215
20 14 39
20 15 185
20 16 221
20 17 52
20 18 244
20 19 292
20 21 299
20 22 116
20 23 129
20 24 202
20 25 152
20 26 226
20 27 192
20 28 118
20 29 45
20 30 174
20 31 257
20 32 31
20 33 280
20 34 83
20 35 110
20 36 123
20 37 206
20 38 163
20 39 160
20 40 71
20 41 111
20 42 265
20 43 97
20 44 229
20 45 78
20 46 217
20 47 86
20 48 222
20 49 113
20 50 263
20 51 164
20 52 114
20 53 104
20 54 239
20 55 116
20 56 163
20 57 167
20 58 282
20 59 180
20 60 187
20 61 112
20 62 78
20 63 140
20 64 133
20 65 178
20 66 264
20 67 271
20 68 105
20 69 101
20 70 133
20 71 72
20 72 111
20 73 105
20 74 292
20 75 187
20 76 115
20 77 157
20 78 285
20 79 271
20 80 298
20 81 195
20 82 30
20 83 133
20 84 296
20 85 122
20 86 64
20 87 274
20 88 103
20 89 181
20 90 243
20 91 243
20 92 225
20 93 49
20 94 133
20 95 37
20 96 127
20 97 70
20 98 268
20 99 244
21 1 95
21 2 264
21 3 256
21 4 131
21 5 279
21 6 140
21 7 225
21 8 180
21 9 237
21 10 254
21 11 268
21 12 63
21 13 300
21 14 260
21 15 163
21 16 30
21 17 236
21 18 117
21 19 270
21 20 299
21 22 208
21 23 173
21 24 259
21 25 278
21 26 244
21 27 149
21 28 159
21 29 60
21 30 58
21 31 39
21 32 139
21 33 235
21 34 50
21 35 224
21 36 290
21 37 94
21 38 194
21 39 105
21 40 131
21 41 239
21 42 157
21 43 93
21 44 209
21 45 135
21 46 278
21 47 127
21 48 122
21 49 71
21 50 57
21 51 86
21 52 126
21 53 294
21 54 73
21 55 249
21 56 272
21 57 275
21 58 153
21 59 80
21 60 251
21 61 70
21 62 130
21 63 51
21 64 58
21 65 285
21 66 90
21 67 99
21 68 81
21 69 223
21 70 198
21 71 212
21 72 82
21 73 179
21 74 167
21 75 97
21 76 153
21 77 91
21 78 131
21 79 277
21 80 299
21 81 155
21 82 268
21 83 197
21 84 250
21 85 234
21 86 47
21 87 240
21 88 33
21 89 292
21 90 286
21 91 251
21 92 235
21 93 146
21 94 120
21 95 101
21 96 261
21 97 120
21 98 214
21 99 64
22 1 244
22 2 103
22 3 172
22 4 180
22 5 246
22 6 126
22 7 223
22 8 65
22 9 214
22 10 267
22 11 34
22 12 97
22 13 146
22 14 91
22 15 144
22 16 244
22 17 202
22 18 45
22 19 233
22 20 116
22 21 208
22 23 87
22 24 264
22 25 169
22 26 121
22 27 45
22 28 142
22 29 92
22 30 240
22 31 286
22 32 145
22 33 197
22 34 76
22 35 68
22 36 132
22 37 96
22 38 54
22 39 198
22 40 104
22 41 89
22 42 59
22 43 94
22 44 71
22 45 35
22 46 134
22 47 290
22 48 174
22 49 209
22 50 136
22 51 259
22 52 193
22 53 196
22 54 76
22 55 122
22 56 79
22 57 168
22 58 214
22 59 288
22 60 184
22 61 246
22 62 277
22 63 147
22 64 257
22 65 144
22 66 230
22 67 278
22 68 66
22 69 216
22 70 278
22 71 177
22 72 270
22 73 276
22 74 64
22 75 53
22 76 62
22 77 111
22 78 159
22 79 144
22 80 217
22 81 284
22 82 234
22 83 158
22 84 38
22 85 293
22 86 49
22 87 131
22 88 111
22 89 46
22 90 107
22 91 47
22 92 190
22 93 76
22 94 113
22 95 130
22 96 80
22 97 267
22 98 141
22 99 224
23 1 227
23 2 84
23 3 263
23 4 251
23 5 205
23 6 76
23 7 36
23 8 180
23 9 163
23 10 80
23 11 46
23 12 69
23 13 183
23 14 223
23 15 220
23 16 226
23 17 94
23 18 242
23 19 220
23 20 129
23 21 173
23 22 87
23 24 134
23 25 32
23 26 49
23 27 94
23 28 252
23 29 290
23 30 47
23 31 141
23 32 220
23 33 59
23 34 156
23 35 225
23 36 262
23 37 161
23 38 177
23 39 299
23 40 141
23 41 121
23 42 253
23 43 214
23 44 60
23 45 173
23 46 97
23 47 281
23 48 98
23 49 136
23 50 83
23 51 42
23 52 114
23 53 83
23 54 177
23 55 30
23 56 65
23 57 191
23 58 34
23 59 187
23 60 245
23 61 239
23 62 289
23 63 200
23 64 215
23 65 255
23 66 218
23 67 274
23 68 239
23 69 297
23 70 72
23 71 129
23 72 99
23 73 267
23 74 166
23 75 128
23 76 191
23 77 237
23 78 150
23 79 259
23 80 197
23 81 203
23 82 99
23 83 271
23 84 284
23 85 289
23 86 135
23 87 271
23 88 76
23 89 294
23 90 176
23 91 158
23 92 138
23 93 230
23 94 297
23 95 272
23 96 121
23 97 279
23 98 228
23 99 44
24 1 170
24 2 78
24 3 226
24 4 272
24 5 276
24 6 95
24 7 195
24 8 70
24 9 192
24 10 193
24 11 170
24 12 146
24 13 98
24 14 151
24 15 247
24 16 277
24 17 286
24 18 62
24 19 112
24 20 202
24 21 259
24 22 264
24 23 134
24 25 287
24 26 216
24 27 119
24 28 47
24 29 163
24 30 248
24 31 168
24 32 199
24 33 77
24 34 185
24 35 109
24 36 120
24 37 42
24 38 198
24 39 225
24 40 241
24 41 37
24 42 135
24 43 145
24 44 61
24 45 93
24 46 79
24 47 247
24 48 194
24 49 48
24 50 265
24 51 254
24 52 40
24 53 59
24 54 132
24 55 51
24 56 162
24 57 30
24 58 77
24 59 50
24 60 105
24 61 198
24 62 185
24 63 167
24 64 128
24 65 264
24 66 225
24 67 38
24 68 290
24 69 198
24 70 276
24 71 129
24 72 288
24 73 167
24 74 75
24 75 165
24 76 295
24 77 298
24 78 86
24 79 291
24 80 157
24 81 89
24 82 228
24 83 50
24 84 161
24 85 293
24 86 194
24 87 77
24 88 76
24 89 54
24 90 55
24 91 270
24 92 146
24 93 93
24 94 170
24 95 47
24 96 34
24 97 119
24 98 110
24 99 216
25 1 139
25 2 67
25 3 211
25 4 64
25 5 91
25 6 65
25 7 64
25 8 135
25 9 293
25 10 152
25 11 176
25 12 193
25 13 211
25 14 122
25 15 243
25 16 296
25 17 250
25 18 243
25 19 50
25 20 152
25 21 278
25 22 169
25 23 32
25 24 287
25 26 148
25 27 255
25 28 110
25 29 52
25 30 271
25 31 40
25 32 135
25 33 91
25 34 131
25 35 247
25 36 185
25 37 293
25 38 250
25 39 164
25 40 92
25 41 230
25 42 209
25 43 170
25 44 254
25 45 158
25 46 217
25 47 128
25 48 285
25 49 272
25 50 97
25 51 180
25 52 158
25 53 153
25 54 48
25 55 48
25 56 244
25 57 272
25 58 233
25 59 211
25 60 230
25 61 142
25 62 162
25 63 289
25 64 285
25 65 43
25 66 86
25 67 101
25 68 182
25 69 285
25 70 274
25 71 274
25 72 139
25 73 65
25 74 167
25 75 149
25 76 205
25 77 224
25 78 198
25 79 132
25 80 62
25 81 86
25 82 199
25 83 164
25 84 64
25 85 159
25 86 123
25 87 80
25 88 216
25 89 45
25 90 72
25 91 65
25 92 143
25 93 299
25 94 80
25 95 85
25 96 72
25 97 89
25 98 45
25 99 168
26 1 99
26 2 181
26 3 95
26 4 268
26 5 224
26 6 217
26 7 91
26 8 92
26 9 83
26 10 280
26 11 42
26 12 275
26 13 299
26 14 288
26 15 288
26 16 218
26 17 297
26 18 82
26 19 59
26 20 226
26 21 244
26 22 121
26 23 49
26 24 216
26 25 148
26 27 273
26 28 282
26 29 53
26 30 299
26 31 96
26 32 39
26 33 141
26 34 215
26 35 122
26 36 53
26 37 73
26 38 297
26 39 100
26 40 36
26 41 145
26 42 259
26 43 178
26 44 68
26 45 77
26 46 277
26 47 256
26 48 268
26 49 75
26 50 164
26 51 37
26 52 226
26 53 266
26 54 212
26 55 179
26 56 145
26 57 179
26 58 265
26 59 104
26 60 77
26 61 65
26 62 55
26 63 264
26 64 212
26 65 251
26 66 105
26 67 177
26 68 173
26 69 65
26 70 295
26 71 76
26 72 82
26 73 298
26 74 210
26 75 96
26 76 236
26 77 160
26 78 299
26 79 249
26 80 260
26 81 177
26 82 59
26 83 146
26 84 262
26 85 43
26 86 72
26 87 97
26 88 245
26 89 121
26 90 274
26 91 271
26 92 242
26 93 255
26 94 209
26 95 198
26 96 59
26 97 61
26 98 31
26 99 267
27 1 179
27 2 75
27 3 225
27 4 142
27 5 39
27 6 198
27 7 170
27 8 131
27 9 141
27 10 58
27 11 98
27 12 85
27 13 208
27 14 54
27 15 91
27 16 240
27 17 48
27 18 42
27 19 120
27 20 192
27 21 149
27 22 45
27 23 94
27 24 119
27 25 255
27 26 273
27 28 189
27 29 243
27 30 65
27 31 171
27 32 104
27 33 76
27 34 289
27 35 199
27 36 276
27 37 47
27 38 273
27 39 118
27 40 55
27 41 218
27 42 160
27 43 212
27 44 284
27 45 190
27 46 186
27 47 136
27 48 112
27 49 213
27 50 193
27 51 226
27 52 111
27 53 81
27 54 125
27 55 265
27 56 217
27 57 147
27 58 297
27 59 71
27 60 201
27 61 186
27 62 276
27 63 137
27 64 294
27 65 89
27 66 159
27 67 261
27 68 87
27 69 162
27 70 239
27 71 109
27 72 49
27 73 223
27 74 146
27 75 216
27 76 121
27 77 251
27 78 32
27 79 70
27 80 122
27 81 150
27 82 292
27 83 103
27 84 225
27 85 156
27 86 189
27 87 96
27 88 150
27 89 296
27 90 115
27 91 129
27 92 189
27 93 242
27 94 64
27 95 271
27 96 130
27 97 171
27 98 292
27 99 194
28 1 276
28 2 130
28 3 179
28 4 101
28 5 224
28 6 170
28 7 280
28 8 261
28 9 287
28 10 199
28 11 193
28 12 293
28 13 158
28 14 299
28 15 198
28 16 60
28 17 70
28 18 128
28 19 235
28 20 118
28 21 159
28 22 142
28 23 252
28 24 47
28 25 110
28 26 282
28 27 189
28 29 96
28 30 113
28 31 286
28 32 241
28 33 201
28 34 236
28 35 107
28 36 277
28 37 43
28 38 32
28 39 150
28 40 245
28 41 67
28 42 75
28 43 203
28 44 93
28 45 274
28 46 89
28 47 211
28 48 38
28 49 40
28 50 223
28 51 256
28 52 229
28 53 129
28 54 153
28 55 120
28 56 280
28 57 286
28 58 71
28 59 286
28 60 266
28 61 66
28 62 285
28 63 198
28 64 64
28 65 93
28 66 147
28 67 147
28 68 208
28 69 266
28 70 178
28 71 297
28 72 56
28 73 253
28 74 197
28 75 265
28 76 230
28 77 105
28 78 188
28 79 92
28 80 83
28 81 268
28 82 254
28 83 179
28 84 300
28 85 169
28 86 276
28 87 107
28 88 173
28 89 153
28 90 124
28 91 177
28 92 193
28 93 119
28 94 121
28 95 217
28 96 218
28 97 34
28 98 240
28 99 221
29 1 111
29 2 219
29 3 152
29 4 66
29 5 126
29 6 75
29 7 32
29 8 95
29 9 98
29 10 243
29 11 257
29 12 180
29 13 65
29 14 60
29 15 134
29 16 153
29 17 163
29 18 64
29 19 91
29 20 45
29 21 60
29 22 92
29 23 290
29 24 163
29 25 52
29 26 53
29 27 243
29 28 96
29 30 150
29 31 209
29 32 144
29 33 114
29 34 49
29 35 174
29 36 170
29 37 256
29 38 60
29 39 84
29 40 296
29 41 195
29 42 207
29 43 62
29 44 253
29 45 238
29 46 36
29 47 119
29 48 59
29 49 275
29 50 190
29 51 43
29 52 218
29 53 179
29 54 172
29 55 262
29 56 221
29 57 201
29 58 97
29 59 37
29 60 209
29 61 57
29 62 257
29 63 205
29 64 33
29 65 263
29 66 37
29 67 178
29 68 284
29 69 256
29 70 223
29 71 62
29 72 258
29 73 51
29 74 298
29 75 223
29 76 236
29 77 296
29 78 203
29 79 60
29 80 145
29 81 110
29 82 106
29 83 229
29 84 265
29 85 124
29 86 136
29 87 272
29 88 219
29 89 294
29 90 144
29 91 90
29 92 222
29 93 54
29 94 266
29 95 46
29 96 213
29 97 86
29 98 111
29 99 82
30 1 45
30 2 62
30 3 78
30 4 221
30 5 61
30 6 256
30 7 153
30 8 205
30 9 118
30 10 183
30 11 148
30 12 134
30 13 213
30 14 238
30 15 102
30 16 121
30 17 225
30 18 154
30 19 74
30 20 174
30 21 58
30 22 240
30 23 47
30 24 248
30 25 271
30 26 299
30 27 65
30 28 113
30 29 150
30 31 271
30 32 116
30 33 30
30 34 87
30 35 173
30 36 218
30 37 112
30 38 61
30 39 183
30 40 115
30 41 262
30 42 220
30 43 152
30 44 171
30 45 168
30 46 280
30 47 93
30 48 49
30 49 255
30 50 163
30 51 154
30 52 116
30 53 62
30 54 192
30 55 83
30 56 253
30 57 298
30 58 275
30 59 97
30 60 259
30 61 111
30 62 82
30 63 147
30 64 229
30 65 174
30 66 108
30 67 178
30 68 54
30 69 136
30 70 161
30 71 269
30 72 174
30 73 48
30 74 56
30 75 154
30 76 111
30 77 77
30 78 57
30 79 231
30 80 183
30 81 139
30 82 39
30 83 287
30 84 299
30 85 155
30 86 275
30 87 79
30 88 164
30 89 37
30 90 223
30 91 256
30 92 35
30 93 298
30 94 228
30 95 206
30 96 187
30 97 238
30 98 131
30 99 277
31 1 48
31 2 118
31 3 208
31 4 180
31 5 235
31 6 218
31 7 252
31 8 70
31 9 98
31 10 191
31 11 171
31 12 159
31 13 259
31 14 183
31 15 109
31 16 285
31 17 159
31 18 265
31 19 220
31 20 257
31 21 39
31 22 286
31 23 141
31 24 168
31 25 40
31 26 96
31 27 171
31 28 286
31 29 209
31 30 271
31 32 190
31 33 114
31 34 287
31 35 90
31 36 298
31 37 268
31 38 39
31 39 231
31 40 140
31 41 124
31 42 123
31 43 246
31 44 101
31 45 149
31 46 143
31 47 253
31 48 166
31 49 107
31 50 57
31 51 289
31 52 274
31 53 67
31 54 242
31 55 57
31 56 209
31 57 275
31 58 275
31 59 257
31 60 132
31 61 45
31 62 38
31 63 160
31 64 81
31 65 68
31 66 128
31 67 222
31 68 180
31 69 43
31 70 81
31 71 223
31 72 118
31 73 179
31 74 261
31 75 208
31 76 147
31 77 121
31 78 167
31 79 244
31 80 66
31 81 193
31 82 185
31 83 213
31 84 47
31 85 222
31 86 110
31 87 163
31 88 136
31 89 256
31 90 185
31 91 300
31 92 186
31 93 296
31 94 292
31 95 131
31 96 175
31 97 130
31 98 291
31 99 242
32 1 58
32 2 76
32 3 142
32 4 217
32 5 227
32 6 279
32 7 31
32 8 154
32 9 237
32 10 82
32 11 223
32 12 219
32 13 239
32 14 298
32 15 120
32 16 186
32 17 111
32 18 174
32 19 121
32 20 31
32 21 139
32 22 145
32 23 220
32 24 199
32 25 135
32 26 39
32 27 104
32 28 241
32 29 144
32 30 116
32 31 190
32 33 126
32 34 108
32 35 146
32 36 258
32 37 30
32 38 46
32 39 235
32 40 180
32 41 201
32 42 134
32 43 186
32 44 33
32 45 137
32 46 73
32 47 197
32 48 219
32 49 233
32 50 229
32 51 271
32 52 139
32 53 280
32 54 267
32 55 165
32 56 163
32 57 292
32 58 228
32 59 241
32 60 77
32 61 266
32 62 226
32 63 102
32 64 197
32 65 144
32 66 138
32 67 110
32 68 296
32 69 227
32 70 220
32 71 249
32 72 154
32 73 39
32 74 299
32 75 212
32 76 55
32 77 261
32 78 123
32 79 72
32 80 52
32 81 44
32 82 31
32 83 285
32 84 123
32 85 60
32 86 90
32 87 194
32 88 69
32 89 135
32 90 189
32 91 163
32 92 134
32 93 82
32 94 56
32 95 192
32 96 186
32 97 226
32 98 281
32 99 242
33 1 189
33 2 255
33 3 171
33 4 249
33 5 214
33 6 126
33 7 115
33 8 51
33 9 222
33 10 191
33 11 181
33 12 280
33 13 119
33 14 34
33 15 99
33 16 248
33 17 176
33 18 35
33 19 213
33 20 280
33 21 235
33 22 197
33 23 59
33 24 77
33 25 91
33 26 141
33 27 76
33 28 201
33 29 114
33 30 30
33 31 114
33 32 126
33 34 102
33 35 283
33 36 138
33 37 147
33 38 169
33 39 126
33 40 200
33 41 246
33 42 171
33 43 138
33 44 255
33 45 122
33 46 146
33 47 183
33 48 195
33 49 295
33 50 107
33 51 143
33 52 52
33 53 160
33 54 299
33 55 299
33 56 289
33 57 124
33 58 72
33 59 179
33 60 225
33 61 212
33 62 254
33 63 257
33 64 121
33 65 177
33 66 54
33 67 233
33 68 156
33 69 265
33 70 212
33 71 135
33 72 256
33 73 238
33 74 298
33 75 136
33 76 242
33 77 88
33 78 160
33 79 174
33 80 104
33 81 173
33 82 165
33 83 51
33 84 41
33 85 94
33 86 132
33 87 54
33 88 91
33 89 258
33 90 65
33 91 194
33 92 265
33 93 208
33 94 260
33 95 57
33 96 84
33 97 272
33 98 295
33 99 64
34 1 185
34 2 137
34 3 143
34 4 228
34 5 67
34 6 171
34 7 63
34 8 95
34 9 62
34 10 69
34 11 179
34 12 139
34 13 61
34 14 136
34 15 52
34 16 148
34 17 248
34 18 241
34 19 210
34 20 83
34 21 50
34 22 76
34 23 156
34 24 185
34 25 131
34 26 215
34 27 289
34 28 236
34 29 49
34 30 87
34 31 287
34 32 108
34 33 102
34 35 193
34 36 232
34 37 98
34 38 58
34 39 166
34 40 267
34 41 40
34 42 131
34 43 268
34 44 267
34 45 51
34 46 77
34 47 214
34 48 104
34 49 108
34 50 203
34 51 257
34 52 35
34 53 244
34 54 93
34 55 262
34 56 262
34 57 293
34 58 134
34 59 285
34 60 39
34 61 137
34 62 129
34 63 163
34 64 299
34 65 219
34 66 117
34 67 140
34 68 184
34 69 171
34 70 210
34 71 53
34 72 139
34 73 257
34 74 83
34 75 117
34 76 244
34 77 278
34 78 217
34 79 240
34 80 235
34 81 296
34 82 121
34 83 39
34 84 227
34 85 64
34 86 60
34 87 224
34 88 64
34 89 267
34 90 222
34 91 43
34 92 254
34 93 279
34 94 160
34 95 152
34 96 103
34 97 190
34 98 142
34 99 131
35 1 232
35 2 271
35 3 184
35 4 74
35 5 203
35 6 286
35 7 247
35 8 160
35 9 80
35 10 271
35 11 121
35 12 120
35 13 242
35 14 117
35 15 35
35 16 174
35 17 46
35 18 167
35 19 212
35 20 110
35 21 224
35 22 68
35 23 225
35 24 109
35 25 247
35 26 122
35 27 199
35 28 107
35 29 174
35 30 173
35 31 90
35 32 146
35 33 283
35 34 193
35 36 35
35 37 300
35 38 223
35 39 56
35 40 114
35 41 103
35 42 80
35 43 166
35 44 208
35 45 161
35 46 234
35 47 292
35 48 298
35 49 206
35 50 259
35 51 96
35 52 34
35 53 240
35 54 211
35 55 142
35 56 54
35 57 192
35 58 141
35 59 228
35 60 200
35 61 45
35 62 92
35 63 245
35 64 244
35 65 72
35 66 109
35 67 99
35 68 114
35 69 159
35 70 263
35 71 36
35 72 49
35 73 82
35 74 51
35 75 48
35 76 258
35 77 93
35 78 103
35 79 44
35 80 220
35 81 208
35 82 57
35 83 264
35 84 258
35 85 202
35 86 194
35 87 136
35 88 216
35 89 165
35 90 98
35 91 296
35 92 160
35 93 228
35 94 149
35 95 215
35 96 218
35 97 196
35 98 255
35 99 53
36 1 164
36 2 74
36 3 110
36 4 151
36 5 229
36 6 30
36 7 32
36 8 129
36 9 177
36 10 121
36 11 229
36 12 99
36 13 41
36 14 217
36 15 259
36 16 262
36 17 143
36 18 258
36 19 96
36 20 123
36 21 290
36 22 132
36 23 262
36 24 120
36 25 185
36 26 53
36 27 276
36 28 277
36 29 170
36 30 218
36 31 298
36 32 258
36 33 138
36 34 232
36 35 35
36 37 64
36 38 295
36 39 50
36 40 40
36 41 291
36 42 218
36 43 57
36 44 131
36 45 240
36 46 264
36 47 37
36 48 182
36 49 279
36 50 153
36 51 223
36 52 223
36 53 116
36 54 222
36 55 263
36 56 145
36 57 257
36 58 140
36 59 139
36 60 150
36 61 189
36 62 285
36 63 179
36 64 92
36 65 182
36 66 237
36 67 68
36 68 287
36 69 289
36 70 196
36 71 121
36 72 66
36 73 53
36 74 54
36 75 291
36 76 81
36 77 70
36 78 222
36 79 250
36 80 108
36 81 206
36 82 66
36 83 282
36 84 114
36 85 235
36 86 191
36 87 40
36 88 273
36 89 240
36 90 225
36 91 174
36 92 287
36 93 206
36 94 238
36 95 292
36 96 266
36 97 237
36 98 247
36 99 182
37 1 113
37 2 178
37 3 151
37 4 134
37 5 57
37 6 67
37 7 68
37 8 57
37 9 157
37 10 85
37 11 86
37 12 113
37 13 203
37 14 190
37 15 201
37 16 149
37 17 90
37 18 201
37 19 48
37 20 206
37 21 94
37 22 96
37 23 161
37 24 42
37 25 293
37 26 73
37 27 47
37 28 43
37 29 256
37 30 112
37 31 268
37 32 30
37 33 147
37 34 98
37 35 300
37 36 64
37 38 256
37 39 182
37 40 49
37 41 254
37 42 173
37 43 281
37 44 102
37 45 140
37 46 204
37 47 160
37 48 58
37 49 117
37 50 205
37 51 167
37 52 43
37 53 103
37 54 82
37 55 228
37 56 162
37 57 168
37 58 256
37 59 203
37 60 94
37 61 98
37 62 298
37 63 147
37 64 268
37 65 300
37 66 167
37 67 33
37 68 140
37 69 133
37 70 37
37 71 85
37 72 255
37 73 127
37 74 205
37 75 153
37 76 45
37 77 260
37 78 30
37 79 115
37 80 61
37 81 207
37 82 68
37 83 186
37 84 120
37 85 297
37 86 187
37 87 188
37 88 241
37 89 84
37 90 98
37 91 38
37 92 262
37 93 80
37 94 220
37 95 108
37 96 195
37 97 277
37 98 251
37 99 173
38 1 50
38 2 73
38 3 200
38 4 236
38 5 220
38 6 114
38 7 226
38 8 266
38 9 115
38 10 291
38 11 165
38 12 282
38 13 180
38 14 139
38 15 195
38 16 64
38 17 210
38 18 82
38 19 264
38 20 163
38 21 194
38 22 54
38 23 177
38 24 198
38 25 250
38 26 297
38 27 273
38 28 32
38 29 60
38 30 61
38 31 39
38 32 46
38 33 169
38 34 58
38 35 223
38 36 295
38 37 256
38 39 232
38 40 131
38 41 82
38 42 202
38 43 109
38 44 91
38 45 136
38 46 96
38 47 162
38 48 289
38 49 280
38 50 129
38 51 206
38 52 122
38 53 96
38 54 265
38 55 76
38 56 215
38 57 232
38 58 274
38 59 223
38 60 190
38 61 45
38 62 154
38 63 298
38 64 136
38 65 241
38 66 182
38 67 271
38 68 172
38 69 66
38 70 212
38 71 197
38 72 122
38 73 246
38 74 116
38 75 121
38 76 237
38 77 102
38 78 76
38 79 246
38 80 188
38 81 43
38 82 215
38 83 232
38 84 146
38 85 97
38 86 96
38 87 168
38 88 244
38 89 75
38 90 219
38 91 57
38 92 75
38 93 152
38 94 138
38 95 256
38 96 292
38 97 59
38 98 272
38 99 173
39 1 241
39 2 275
39 3 109
39 4 250
39 5 149
39 6 176
39 7 270
39 8 270
39 9 125
39 10 236
39 11 298
39 12 286
39 13 170
39 14 172
39 15 182
39 16 61
39 17 143
39 18 190
39 19 197
39 20 160
39 21 105
39 22 198
39 23 299
39 24 225
39 25 164
39 26 100
39 27 118
39 28 150
39 29 84
39 30 183
39 31 231
39 32 235
39 33 126
39 34 166
39 35 56
39 36 50
39 37 182
39 38 232
39 40 286
39 41 198
39 42 98
39 43 298
39 44 171
39 45 219
39 46 112
39 47 192
39 48 101
39 49 43
39 50 279
39 51 191
39 52 112
39 53 98
39 54 80
39 55 204
39 56 129
39 57 141
39 58 253
39 59 59
39 60 70
39 61 270
39 62 240
39 63 80
39 64 203
39 65 53
39 66 50
39 67 74
39 68 218
39 69 64
39 70 245
39 71 59
39 72 146
39 73 42
39 74 283
39 75 163
39 76 78
39 77 30
39 78 222
39 79 180
39 80 133
39 81 64
39 82 37
39 83 198
39 84 70
39 85 200
39 86 65
39 87 134
39 88 61
39 89 60
39 90 124
39 91 298
39 92 197
39 93 58
39 94 252
39 95 226
39 96 122
39 97 93
39 98 97
39 99 296
40 1 236
40 2 164
40 3 190
40 4 45
40 5 154
40 6 144
40 7 54
40 8 86
40 9 57
40 10 237
40 11 280
40 12 297
40 13 240
40 14 141
40 15 297
40 16 56
40 17 147
40 18 265
40 19 132
40 20 71
40 21 131
40 22 104
40 23 141
40 24 241
40 25 92
40 26 36
40 27 55
40 28 245
40 29 296
40 30 115
40 31 140
40 32 180
40 33 200
40 34 267
40 35 114
40 36 40
40 37 49
40 38 131
40 39 286
40 41 134
40 42 168
40 43 247
40 44 87
40 45 114
40 46 57
40 47 173
40 48 180
40 49 254
40 50 131
40 51 44
40 52 70
40 53 270
40 54 192
40 55 160
40 56 124
40 57 152
40 58 63
40 59 271
40 60 190
40 61 70
40 62 243
40 63 236
40 64 294
40 65 200
40 66 284
40 67 64
40 68 177
40 69 154
40 70 226
40 71 90
40 72 220
40 73 136
40 74 58
40 75 121
40 76 35
40 77 89
40 78 149
40 79 260
40 80 250
40 81 142
40 82 173
40 83 235
40 84 37
40 85 149
40 86 81
40 87 234
40 88 154
40 89 252
40 90 232
40 91 171
40 92 218
40 93 103
40 94 208
40 95 91
40 96 99
40 97 57
40 98 79
40 99 246
41 1 209
41 2 251
41 3 250
41 4 51
41 5 169
41 6 230
41 7 186
41 8 239
41 9 275
41 10 116
41 11 198
41 12 300
41 13 31
41 14 135
41 15 249
41 16 115
41 17 202
41 18 197
41 19 44
41 20 111
41 21 239
41 22 89
41 23 121
41 24 37
41 25 230
41 26 145
41 27 218
41 28 67
41 29 195
41 30 262
41 31 124
41 32 201
41 33 246
41 34 40
41 35 103
41 36 291
41 37 254
41 38 82
41 39 198
41 40 134
41 42 150
41 43 75
41 44 234
41 45 73
41 46 51
41 47 256
41 48 197
41 49 299
41 50 79
41 51 190
41 52 114
41 53 187
41 54 86
41 55 43
41 56 97
41 57 143
41 58 86
41 59 55
41 60 161
41 61 238
41 62 240
41 63 193
41 64 57
41 65 40
41 66 35
41 67 272
41 68 291
41 69 202
41 70 61
41 71 215
41 72 119
41 73 73
41 74 63
41 75 66
41 76 160
41 77 32
41 78 236
41 79 83
41 80 37
41 81 216
41 82 240
41 83 104
41 84 176
41 85 281
41 86 158
41 87 149
41 88 63
41 89 260
41 90 128
41 91 195
41 92 150
41 93 30
41 94 239
41 95 270
41 96 187
41 97 37
41 98 124
41 99 173
42 1 111
42 2 238
42 3 143
42 4 290
42 5 100
42 6 159
42 7 250
42 8 78
42 9 134
42 10 174
42 11 258
42 12 200
42 13 48
42 14 155
42 15 227
42 16 177
42 17 117
42 18 131
42 19 210
42 20 265
42 21 157
42 22 59
42 23 253
42 24 135
42 25 209
42 26 259
42 27 160
42 28 75
42 29 207
42 30 220
42 31 123
42 32 134
42 33 171
42 34 131
42 35 80
42 36 218
42 37 173
42 38 202
42 39 98
42 40 168
42 41 150
42 43 77
42 44 108
42 45 277
42 46 50
42 47 119
42 48 148
42 49 213
42 50 93
42 51 274
42 52 265
42 53 88
42 54 245
42 55 200
42 56 114
42 57 212
42 58 164
42 59 188
42 60 86
42 61 234
42 62 245
42 63 208
42 64 279
42 65 113
42 66 243
42 67 79
42 68 253
42 69 203
42 70 208
42 71 191
42 72 93
42 73 223
42 74 84
42 75 57
42 76 293
42 77 282
42 78 184
42 79 157
42 80 106
42 81 34
42 82 88
42 83 227
42 84 118
42 85 283
42 86 127
42 87 183
42 88 253
42 89 257
42 90 42
42 91 187
42 92 53
42 93 51
42 94 130
42 95 154
42 96 246
42 97 201
42 98 30
42 99 70
43 1 80
43 2 137
43 3 224
43 4 143
43 5 112
43 6 191
43 7 272
43 8 52
43 9 175
43 10 300
43 11 38
43 12 49
43 13 192
43 14 63
43 15 216
43 16 73
43 17 100
43 18 147
43 19 264
43 20 97
43 21 93
43 22 94
43 23 214
43 24 145
43 25 170
43 26 178
43 27 212
43 28 203
43 29 62
43 30 152
43 31 246
43 32 186
43 33 138
43 34 268
43 35 166
43 36 57
43 37 281
