s 1 270
s 2 209
s 3 168
s 4 199
s 5 99
s 6 156
s 7 36
s 8 257
s 9 181
s 10 209
s 11 39
s 12 222
s 13 58
s 14 167
s 15 217
s 16 281
s 17 159
s 18 199
s 19 82
s 20 46
s 21 266
s 22 149
s 23 36
s 24 144
s 25 140
s 26 97
s 27 260
s 28 196
s 29 265
s 30 50
s 31 265
s 32 143
s 33 71
s 34 269
s 35 42
s 36 135
s 37 155
s 38 52
s 39 46
s 40 173
s 41 45
s 42 229
s 43 149
s 44 224
s 45 38
s 46 42
s 47 168
s 48 206
s 49 97
s 50 187
s 51 43
s 52 264
s 53 235
s 54 299
s 55 168
s 56 281
s 57 164
s 58 203
s 59 145
s 60 172
s 61 38
s 62 161
s 63 172
s 64 41
s 65 249
s 66 49
s 67 63
s 68 111
s 69 275
s 70 67
s 71 285
s 72 294
s 73 89
s 74 222
s 75 80
s 76 162
s 77 296
s 78 185
s 79 149
s 80 61
s 81 176
s 82 140
s 83 69
s 84 54
s 85 204
s 86 47
s 87 300
s 88 273
s 89 279
s 90 37
s 91 52
s 92 194
s 93 225
s 94 183
s 95 282
s 96 145
s 97 265
s 98 167
s 99 272
1 2 103
1 3 128
1 4 99
1 5 164
1 6 287
1 7 274
1 8 159
1 9 277
1 10 249
1 11 74
1 12 193
1 13 196
1 14 285
1 15 200
1 16 106
1 17 270
1 18 175
1 19 137
1 20 161
1 21 40
1 22 110
1 23 148
1 24 56
1 25 99
1 26 131
1 27 137
1 28 85
1 29 200
1 30 61
1 31 97
1 32 35
1 33 108
1 34 133
1 35 78
1 36 290
1 37 166
1 38 160
1 39 132
1 40 170
1 41 32
1 42 119
1 43 76
1 44 92
1 45 160
1 46 170
1 47 166
1 48 82
1 49 89
1 50 82
1 51 187
1 52 58
1 53 251
1 54 49
1 55 162
1 56 145
1 57 141
1 58 36
1 59 120
1 60 162
1 61 78
1 62 31
1 63 145
1 64 281
1 65 46
1 66 235
1 67 61
1 68 224
1 69 107
1 70 101
1 71 277
1 72 43
1 73 48
1 74 261
1 75 134
1 76 225
1 77 165
1 78 231
1 79 82
1 80 170
1 81 284
1 82 65
1 83 265
1 84 96
1 85 237
1 86 34
1 87 233
1 88 268
1 89 171
1 90 190
1 91 156
1 92 153
1 93 45
1 94 280
1 95 43
1 96 271
1 97 30
1 98 201
1 99 291
2 1 103
2 3 90
2 4 276
2 5 284
2 6 79
2 7 199
2 8 124
2 9 83
2 10 62
2 11 193
2 12 250
2 13 74
2 14 283
2 15 84
2 16 135
2 17 99
2 18 223
2 19 207
2 20 32
2 21 52
2 22 205
2 23 174
2 24 176
2 25 288
2 26 223
2 27 95
2 28 163
2 29 59
2 30 98
2 31 260
2 32 155
2 33 158
2 34 169
2 35 49
2 36 62
2 37 87
2 38 140
2 39 91
2 40 56
2 41 107
2 42 152
2 43 130
2 44 99
2 45 290
2 46 164
2 47 211
2 48 162
2 49 290
2 50 256
2 51 177
2 52 295
2 53 76
2 54 32
2 55 174
2 56 78
2 57 103
2 58 71
2 59 108
2 60 210
2 61 62
2 62 135
2 63 259
2 64 217
2 65 197
2 66 215
2 67 267
2 68 264
2 69 122
2 70 47
2 71 99
2 72 279
2 73 92
2 74 141
2 75 187
2 76 132
2 77 81
2 78 283
2 79 73
2 80 161
2 81 37
2 82 46
2 83 66
2 84 180
2 85 187
2 86 297
2 87 197
2 88 42
2 89 61
2 90 111
2 91 132
2 92 245
2 93 281
2 94 298
2 95 253
2 96 90
2 97 197
2 98 254
2 99 248
3 1 128
3 2 90
3 4 215
3 5 82
3 6 280
3 7 224
3 8 67
3 9 231
3 10 228
3 11 83
3 12 261
3 13 106
3 14 197
3 15 57
3 16 254
3 17 119
3 18 299
3 19 244
3 20 264
3 21 144
3 22 213
3 23 162
3 24 222
3 25 173
3 26 120
3 27 131
3 28 165
3 29 114
3 30 226
3 31 272
3 32 181
3 33 118
3 34 296
3 35 64
3 36 135
3 37 177
3 38 164
3 39 154
3 40 46
3 41 207
3 42 104
3 43 48
3 44 91
3 45 184
3 46 48
3 47 219
3 48 202
3 49 237
3 50 33
3 51 284
3 52 93
3 53 143
3 54 131
3 55 245
3 56 37
3 57 224
3 58 70
3 59 100
3 60 238
3 61 78
3 62 221
3 63 182
3 64 200
3 65 166
3 66 110
3 67 185
3 68 263
3 69 142
3 70 43
3 71 177
3 72 62
3 73 172
3 74 62
3 75 30
3 76 251
3 77 256
3 78 40
3 79 255
3 80 257
3 81 257
3 82 257
3 83 278
3 84 104
3 85 284
3 86 103
3 87 85
3 88 100
3 89 288
3 90 165
3 91 142
3 92 48
3 93 235
3 94 191
3 95 37
3 96 202
3 97 254
3 98 277
3 99 42
4 1 99
4 2 276
4 3 215
4 5 60
4 6 234
4 7 108
4 8 84
4 9 70
4 10 300
4 11 147
4 12 185
4 13 224
4 14 243
4 15 216
4 16 173
4 17 127
4 18 269
4 19 137
4 20 126
4 21 219
4 22 254
4 23 74
4 24 95
4 25 34
4 26 290
4 27 220
4 28 274
4 29 31
4 30 258
4 31 226
4 32 99
4 33 43
4 34 263
4 35 165
4 36 116
4 37 32
4 38 98
4 39 300
4 40 61
4 41 150
4 42 120
4 43 177
4 44 298
4 45 112
4 46 271
4 47 33
4 48 32
4 49 104
4 50 156
4 51 178
4 52 284
4 53 41
4 54 270
4 55 224
4 56 211
4 57 36
4 58 243
4 59 205
4 60 211
4 61 107
4 62 296
4 63 120
4 64 138
4 65 195
4 66 142
4 67 78
4 68 128
4 69 74
4 70 60
4 71 300
4 72 80
4 73 162
4 74 50
4 75 112
4 76 222
4 77 229
4 78 271
4 79 276
4 80 217
4 81 143
4 82 76
4 83 229
4 84 290
4 85 261
4 86 232
4 87 152
4 88 178
4 89 292
4 90 74
4 91 42
4 92 99
4 93 150
4 94 171
4 95 293
4 96 275
4 97 136
4 98 119
4 99 295
5 1 164
5 2 284
5 3 82
5 4 60
5 6 165
5 7 35
5 8 70
5 9 277
5 10 252
5 11 60
5 12 220
5 13 75
5 14 155
5 15 83
5 16 217
5 17 226
5 18 170
5 19 32
5 20 62
5 21 218
5 22 268
5 23 139
5 24 69
5 25 286
5 26 259
5 27 39
5 28 177
5 29 105
5 30 177
5 31 82
5 32 280
5 33 279
5 34 193
5 35 70
5 36 198
5 37 156
5 38 269
5 39 108
5 40 66
5 41 46
5 42 35
5 43 137
5 44 63
5 45 205
5 46 205
5 47 92
5 48 203
5 49 47
5 50 162
5 51 77
5 52 262
5 53 291
5 54 131
5 55 266
5 56 233
5 57 267
5 58 152
5 59 116
5 60 33
5 61 300
5 62 106
5 63 109
5 64 114
5 65 207
5 66 85
5 67 226
5 68 56
5 69 73
5 70 102
5 71 292
5 72 245
5 73 82
5 74 295
5 75 64
5 76 73
5 77 89
5 78 262
5 79 46
5 80 216
5 81 262
5 82 43
5 83 271
5 84 45
5 85 265
5 86 214
5 87 154
5 88 139
5 89 33
5 90 296
5 91 273
5 92 148
5 93 255
5 94 130
5 95 239
5 96 214
5 97 276
5 98 204
5 99 110
6 1 287
6 2 79
6 3 280
6 4 234
6 5 165
6 7 200
6 8 179
6 9 283
6 10 113
6 11 201
6 12 95
6 13 121
6 14 65
6 15 177
6 16 95
6 17 120
6 18 104
6 19 300
6 20 231
6 21 79
6 22 31
6 23 274
6 24 141
6 25 279
6 26 126
6 27 256
6 28 276
6 29 39
6 30 205
6 31 254
6 32 91
6 33 174
6 34 83
6 35 186
6 36 263
6 37 175
6 38 112
6 39 67
6 40 261
6 41 251
6 42 246
6 43 139
6 44 175
6 45 157
6 46 161
6 47 119
6 48 293
6 49 106
6 50 128
6 51 217
6 52 168
6 53 38
6 54 271
6 55 216
6 56 123
6 57 183
6 58 230
6 59 44
6 60 122
6 61 117
6 62 122
6 63 42
6 64 88
6 65 221
6 66 62
6 67 141
6 68 46
6 69 119
6 70 256
6 71 168
6 72 208
6 73 235
6 74 49
6 75 253
6 76 127
6 77 171
6 78 284
6 79 247
6 80 188
6 81 120
6 82 82
6 83 88
6 84 300
6 85 46
6 86 293
6 87 221
6 88 271
6 89 149
6 90 290
6 91 83
6 92 50
6 93 287
6 94 207
6 95 99
6 96 135
6 97 178
6 98 116
6 99 65
7 1 274
7 2 199
7 3 224
7 4 108
7 5 35
7 6 200
7 8 31
7 9 158
7 10 286
7 11 254
7 12 82
7 13 73
7 14 36
7 15 255
7 16 278
7 17 229
7 18 60
7 19 256
7 20 248
7 21 295
7 22 273
7 23 63
7 24 189
7 25 228
7 26 292
7 27 233
7 28 175
7 29 256
7 30 116
7 31 152
7 32 216
7 33 213
7 34 274
7 35 163
7 36 253
7 37 111
7 38 74
7 39 97
7 40 119
7 41 211
7 42 82
7 43 34
7 44 88
7 45 271
7 46 210
7 47 82
7 48 100
7 49 112
7 50 113
7 51 85
7 52 220
7 53 105
7 54 67
7 55 32
7 56 199
7 57 113
7 58 41
7 59 154
7 60 278
7 61 130
7 62 66
7 63 286
7 64 286
7 65 117
7 66 157
7 67 247
7 68 277
7 69 240
7 70 186
7 71 40
7 72 98
7 73 97
7 74 246
7 75 63
7 76 217
7 77 272
7 78 297
7 79 87
7 80 106
7 81 102
7 82 146
7 83 288
7 84 90
7 85 99
7 86 232
7 87 47
7 88 77
7 89 295
7 90 203
7 91 262
7 92 152
7 93 289
7 94 282
7 95 222
7 96 280
7 97 128
7 98 195
7 99 181
8 1 159
8 2 124
8 3 67
8 4 84
8 5 70
8 6 179
8 7 31
8 9 33
8 10 98
8 11 126
8 12 233
8 13 119
8 14 112
8 15 284
8 16 176
8 17 57
8 18 222
8 19 98
8 20 258
8 21 182
8 22 92
8 23 267
8 24 71
8 25 223
8 26 234
8 27 50
8 28 47
8 29 66
8 30 224
8 31 286
8 32 54
8 33 44
8 34 42
8 35 135
8 36 239
8 37 127
8 38 205
8 39 229
8 40 185
8 41 207
8 42 177
8 43 257
8 44 145
8 45 246
8 46 247
8 47 75
8 48 139
8 49 70
8 50 252
8 51 190
8 52 59
8 53 78
8 54 204
8 55 40
8 56 50
8 57 113
8 58 260
8 59 72
8 60 102
8 61 268
8 62 213
8 63 128
8 64 92
8 65 135
8 66 297
8 67 203
8 68 211
8 69 215
8 70 202
8 71 227
8 72 196
8 73 174
8 74 241
8 75 299
8 76 228
8 77 208
8 78 134
8 79 131
8 80 180
8 81 32
8 82 41
8 83 76
8 84 67
8 85 282
8 86 272
8 87 177
8 88 212
8 89 242
8 90 196
8 91 85
8 92 238
8 93 47
8 94 217
8 95 31
8 96 205
8 97 189
8 98 109
8 99 215
9 1 277
9 2 83
9 3 231
9 4 70
9 5 277
9 6 283
9 7 158
9 8 33
9 10 297
9 11 135
9 12 203
9 13 193
9 14 180
9 15 99
9 16 277
9 17 281
9 18 236
9 19 87
9 20 219
9 21 40
9 22 251
9 23 285
9 24 190
9 25 30
9 26 222
9 27 56
9 28 105
9 29 58
9 30 215
9 31 177
9 32 38
9 33 180
9 34 267
9 35 153
9 36 274
9 37 88
9 38 271
9 39 244
9 40 46
9 41 246
9 42 136
9 43 162
9 44 161
9 45 108
9 46 186
9 47 270
9 48 47
9 49 287
9 50 270
9 51 119
9 52 223
9 53 73
9 54 102
9 55 289
9 56 57
9 57 235
9 58 129
9 59 183
9 60 100
9 61 71
9 62 143
9 63 180
9 64 273
9 65 138
9 66 54
9 67 113
9 68 173
9 69 192
9 70 258
9 71 113
9 72 165
9 73 151
9 74 280
9 75 148
9 76 106
9 77 188
9 78 271
9 79 287
9 80 277
9 81 212
9 82 244
9 83 86
9 84 91
9 85 235
9 86 187
9 87 213
9 88 206
9 89 284
9 90 122
9 91 237
9 92 59
9 93 93
9 94 218
9 95 285
9 96 285
9 97 45
9 98 235
9 99 57
10 1 249
10 2 62
10 3 228
10 4 300
10 5 252
10 6 113
10 7 286
10 8 98
10 9 297
10 11 263
10 12 192
10 13 147
10 14 69
10 15 62
10 16 102
10 17 61
10 18 219
10 19 249
10 20 246
10 21 277
10 22 142
10 23 133
10 24 58
10 25 217
10 26 209
10 27 137
10 28 265
10 29 209
10 30 60
10 31 170
10 32 222
10 33 43
10 34 131
10 35 72
10 36 81
10 37 232
10 38 280
10 39 62
10 40 273
10 41 117
10 42 52
10 43 128
10 44 179
10 45 208
10 46 261
10 47 240
10 48 84
10 49 46
10 50 272
10 51 169
10 52 115
10 53 202
10 54 100
10 55 196
10 56 152
10 57 271
10 58 121
10 59 289
10 60 243
10 61 133
10 62 260
10 63 204
10 64 149
10 65 164
10 66 88
10 67 111
10 68 103
10 69 104
10 70 250
10 71 218
10 72 205
10 73 83
10 74 62
10 75 61
10 76 100
10 77 135
10 78 84
10 79 133
10 80 67
10 81 213
10 82 65
10 83 71
10 84 56
10 85 33
10 86 271
10 87 67
10 88 48
10 89 176
10 90 64
10 91 203
10 92 281
10 93 31
10 94 150
10 95 145
10 96 148
10 97 211
10 98 294
10 99 229
11 1 74
11 2 193
11 3 83
11 4 147
11 5 60
11 6 201
11 7 254
11 8 126
11 9 135
11 10 263
11 12 70
11 13 131
11 14 65
11 15 115
11 16 98
11 17 198
11 18 57
11 19 55
11 20 158
11 21 62
11 22 279
11 23 228
11 24 289
11 25 183
11 26 144
11 27 99
11 28 39
11 29 292
11 30 71
11 31 209
11 32 250
11 33 233
11 34 93
11 35 30
11 36 257
11 37 107
11 38 229
11 39 87
11 40 213
11 41 139
11 42 175
11 43 152
11 44 96
11 45 144
11 46 281
11 47 221
11 48 235
11 49 101
11 50 270
11 51 257
11 52 234
11 53 203
11 54 71
11 55 223
11 56 240
11 57 118
11 58 50
11 59 69
11 60 254
11 61 210
11 62 283
11 63 279
11 64 107
11 65 137
11 66 113
11 67 202
11 68 159
11 69 133
11 70 271
11 71 46
11 72 237
11 73 108
11 74 135
11 75 144
11 76 138
11 77 114
11 78 273
11 79 133
11 80 59
11 81 37
11 82 273
11 83 190
11 84 262
11 85 189
11 86 127
11 87 118
11 88 76
11 89 235
11 90 213
11 91 170
11 92 171
11 93 138
11 94 55
11 95 264
11 96 285
11 97 96
11 98 153
11 99 62
12 1 193
12 2 250
12 3 261
12 4 185
12 5 220
12 6 95
12 7 82
12 8 233
12 9 203
12 10 192
12 11 70
12 13 140
12 14 253
12 15 274
12 16 206
12 17 271
12 18 112
12 19 137
12 20 270
12 21 226
12 22 153
12 23 49
12 24 258
12 25 73
12 26 151
12 27 260
12 28 258
12 29 88
12 30 63
12 31 152
12 32 202
12 33 197
12 34 112
12 35 37
12 36 78
12 37 46
12 38 163
12 39 277
12 40 286
12 41 166
12 42 200
12 43 113
12 44 171
12 45 254
12 46 248
12 47 183
12 48 294
12 49 180
12 50 214
12 51 190
12 52 279
12 53 53
12 54 262
12 55 181
12 56 271
12 57 162
12 58 284
12 59 39
12 60 267
12 61 195
12 62 185
12 63 46
12 64 235
12 65 190
12 66 216
12 67 111
12 68 50
12 69 111
12 70 115
12 71 101
12 72 293
12 73 229
12 74 169
12 75 238
12 76 282
12 77 254
12 78 103
12 79 257
12 80 256
12 81 181
12 82 183
12 83 71
12 84 273
12 85 109
12 86 89
12 87 200
12 88 156
12 89 30
12 90 198
12 91 147
12 92 193
12 93 78
12 94 112
12 95 99
12 96 180
12 97 178
12 98 241
12 99 288
13 1 196
13 2 74
13 3 106
13 4 224
13 5 75
13 6 121
13 7 73
13 8 119
13 9 193
13 10 147
13 11 131
13 12 140
13 14 34
13 15 77
13 16 229
13 17 263
13 18 127
13 19 119
13 20 266
13 21 38
13 22 84
13 23 155
13 24 172
13 25 299
13 26 223
13 27 210
13 28 209
13 29 235
13 30 63
13 31 121
13 32 210
13 33 179
13 34 128
13 35 217
13 36 46
13 37 81
13 38 259
13 39 130
13 40 45
13 41 215
13 42 32
13 43 159
13 44 132
13 45 278
13 46 102
13 47 42
13 48 187
13 49 175
13 50 125
13 51 286
13 52 98
13 53 41
13 54 209
13 55 289
13 56 224
13 57 118
13 58 151
13 59 206
13 60 39
13 61 225
13 62 243
13 63 184
13 64 257
13 65 295
13 66 294
13 67 238
13 68 184
13 69 277
13 70 283
13 71 133
13 72 146
13 73 261
13 74 142
13 75 73
13 76 62
13 77 190
13 78 217
13 79 129
13 80 185
13 81 92
13 82 124
13 83 72
13 84 81
13 85 183
13 86 48
13 87 48
13 88 298
13 89 256
13 90 97
13 91 273
13 92 212
13 93 208
13 94 128
13 95 193
13 96 40
13 97 161
13 98 175
13 99 163
14 1 285
14 2 283
14 3 197
14 4 243
14 5 155
14 6 65
14 7 36
14 8 112
14 9 180
14 10 69
14 11 65
14 12 253
14 13 34
14 15 290
14 16 90
14 17 175
14 18 165
14 19 187
14 20 103
14 21 289
14 22 292
14 23 45
14 24 107
14 25 131
14 26 65
14 27 192
14 28 234
14 29 185
14 30 105
14 31 205
14 32 160
14 33 170
14 34 84
14 35 289
14 36 283
14 37 101
14 38 159
14 39 184
14 40 83
14 41 234
14 42 277
14 43 103
14 44 290
14 45 295
14 46 101
14 47 63
14 48 205
14 49 106
14 50 70
14 51 70
14 52 158
14 53 108
14 54 133
14 55 284
14 56 239
14 57 50
14 58 78
14 59 208
14 60 246
14 61 158
14 62 73
14 63 123
14 64 139
14 65 269
14 66 236
14 67 211
14 68 135
14 69 140
14 70 196
14 71 105
14 72 80
14 73 99
14 74 263
14 75 194
14 76 87
14 77 109
14 78 98
14 79 44
14 80 241
14 81 164
14 82 42
14 83 33
14 84 234
14 85 293
14 86 52
14 87 89
14 88 225
14 89 299
14 90 47
14 91 95
14 92 130
14 93 290
14 94 189
14 95 173
14 96 133
14 97 265
14 98 144
14 99 83
15 1 200
15 2 84
15 3 57
15 4 216
15 5 83
15 6 177
15 7 255
15 8 284
15 9 99
15 10 62
15 11 115
15 12 274
15 13 77
15 14 290
15 16 198
15 17 59
15 18 244
15 19 287
15 20 256
15 21 215
15 22 283
15 23 115
15 24 137
15 25 53
15 26 222
15 27 292
15 28 171
15 29 145
15 30 179
15 31 144
15 32 293
15 33 49
15 34 47
15 35 123
15 36 72
15 37 123
15 38 254
15 39 207
15 40 198
15 41 262
15 42 73
15 43 134
15 44 266
15 45 251
15 46 30
15 47 91
15 48 187
15 49 55
15 50 180
15 51 296
15 52 181
15 53 36
15 54 214
15 55 157
15 56 87
15 57 265
15 58 284
15 59 300
15 60 286
15 61 291
15 62 140
15 63 75
15 64 255
15 65 270
15 66 38
15 67 90
15 68 221
15 69 126
15 70 200
15 71 229
15 72 73
15 73 34
15 74 257
15 75 227
15 76 190
15 77 104
15 78 199
15 79 179
15 80 159
15 81 135
15 82 75
15 83 212
15 84 274
15 85 168
15 86 32
15 87 195
15 88 142
15 89 175
15 90 242
15 91 103
15 92 118
15 93 224
15 94 252
15 95 107
15 96 296
15 97 198
15 98 298
15 99 119
16 1 106
16 2 135
16 3 254
16 4 173
16 5 217
16 6 95
16 7 278
16 8 176
16 9 277
16 10 102
16 11 98
16 12 206
16 13 229
16 14 90
16 15 198
16 17 274
16 18 266
16 19 250
16 20 265
16 21 145
16 22 230
16 23 165
16 24 283
16 25 88
16 26 32
16 27 41
16 28 234
16 29 269
16 30 64
16 31 49
16 32 84
16 33 32
16 34 79
16 35 124
16 36 234
16 37 281
16 38 286
16 39 123
16 40 234
16 41 270
16 42 259
16 43 223
16 44 121
16 45 107
16 46 278
16 47 123
16 48 169
16 49 158
16 50 263
16 51 256
16 52 265
16 53 279
16 54 257
16 55 177
16 56 224
16 57 94
16 58 43
16 59 282
16 60 127
16 61 215
16 62 88
16 63 157
16 64 246
16 65 100
16 66 200
16 67 70
16 68 52
16 69 38
16 70 228
16 71 131
16 72 136
16 73 145
16 74 288
16 75 78
16 76 276
16 77 182
16 78 276
16 79 270
16 80 205
16 81 287
16 82 237
16 83 218
16 84 216
16 85 132
16 86 283
16 87 258
16 88 159
16 89 124
16 90 232
16 91 164
16 92 135
16 93 241
16 94 66
16 95 91
16 96 166
16 97 72
16 98 196
16 99 275
17 1 270
17 2 99
17 3 119
17 4 127
17 5 226
17 6 120
17 7 229
17 8 57
17 9 281
17 10 61
17 11 198
17 12 271
17 13 263
17 14 175
17 15 59
17 16 274
17 18 294
17 19 221
17 20 273
17 21 90
17 22 86
17 23 202
17 24 116
17 25 207
17 26 213
17 27 92
17 28 282
17 29 47
17 30 179
17 31 238
17 32 174
17 33 145
17 34 42
17 35 172
17 36 213
17 37 188
17 38 83
17 39 64
17 40 163
17 41 85
17 42 224
17 43 276
17 44 79
17 45 163
17 46 168
17 47 151
17 48 113
17 49 215
17 50 225
17 51 165
17 52 67
17 53 287
17 54 172
17 55 279
17 56 125
17 57 242
17 58 33
17 59 156
17 60 83
17 61 109
17 62 297
17 63 209
17 64 244
17 65 256
17 66 273
17 67 185
17 68 144
17 69 299
17 70 188
17 71 172
17 72 266
17 73 70
17 74 275
17 75 203
17 76 253
17 77 128
17 78 228
17 79 66
17 80 81
17 81 44
17 82 154
17 83 76
17 84 257
17 85 264
17 86 272
17 87 170
17 88 279
17 89 195
17 90 154
17 91 52
17 92 51
17 93 138
17 94 58
17 95 125
17 96 111
17 97 210
17 98 264
17 99 103
18 1 175
18 2 223
18 3 299
18 4 269
18 5 170
18 6 104
18 7 60
18 8 222
18 9 236
18 10 219
18 11 57
18 12 112
18 13 127
18 14 165
18 15 244
18 16 266
18 17 294
18 19 220
18 20 212
18 21 240
18 22 116
18 23 249
18 24 99
18 25 31
18 26 224
18 27 68
18 28 284
18 29 111
18 30 258
18 31 183
18 32 103
18 33 68
18 34 72
18 35 93
18 36 136
18 37 295
18 38 47
18 39 108
18 40 60
18 41 298
18 42 212
18 43 208
18 44 173
18 45 132
18 46 152
18 47 132
18 48 254
18 49 237
18 50 91
18 51 47
18 52 126
18 53 250
18 54 117
18 55 89
18 56 102
18 57 113
18 58 218
18 59 147
18 60 173
18 61 278
18 62 111
18 63 225
18 64 59
18 65 182
18 66 118
18 67 222
18 68 300
18 69 182
18 70 203
18 71 207
18 72 91
18 73 197
18 74 181
18 75 279
18 76 269
18 77 165
18 78 203
18 79 122
18 80 60
18 81 114
18 82 273
18 83 62
18 84 94
18 85 200
18 86 218
18 87 39
18 88 176
18 89 88
18 90 140
18 91 279
18 92 42
18 93 130
18 94 118
18 95 228
18 96 115
18 97 96
18 98 67
18 99 187
19 1 137
19 2 207
19 3 244
19 4 137
19 5 32
19 6 300
19 7 256
19 8 98
19 9 87
19 10 249
19 11 55
19 12 137
19 13 119
19 14 187
19 15 287
19 16 250
19 17 221
19 18 220
19 20 55
19 21 292
19 22 66
19 23 222
19 24 268
19 25 259
19 26 141
19 27 299
19 28 250
19 29 144
19 30 96
19 31 80
19 32 196
19 33 245
19 34 165
19 35 97
19 36 299
19 37 172
19 38 101
19 39 237
19 40 155
19 41 258
19 42 167
19 43 293
19 44 98
19 45 285
19 46 174
19 47 113
19 48 176
19 49 142
19 50 76
19 51 138
19 52 159
19 53 177
19 54 62
19 55 91
19 56 279
19 57 153
19 58 134
19 59 250
19 60 237
19 61 272
19 62 100
19 63 290
19 64 207
19 65 187
19 66 81
19 67 246
19 68 209
19 69 59
19 70 182
19 71 233
19 72 277
19 73 169
19 74 75
19 75 288
19 76 169
19 77 270
19 78 169
19 79 265
19 80 174
19 81 31
19 82 256
19 83 40
19 84 205
19 85 200
19 86 149
19 87 247
19 88 232
19 89 267
19 90 83
19 91 105
19 92 290
19 93 286
19 94 215
19 95 287
19 96 95
19 97 239
19 98 101
19 99 261
20 1 161
20 2 32
20 3 264
20 4 126
20 5 62
20 6 231
20 7 248
20 8 258
20 9 219
20 10 246
20 11 158
20 12 270
20 13 266
20 14 103
20 15 256
20 16 265
20 17 273
20 18 212
20 19 55
20 21 71
20 22 121
20 23 282
20 24 115
20 25 122
20 26 174
20 27 76
20 28 81
20 29 212
20 30 186
20 31 267
20 32 289
20 33 168
20 34 35
20 35 45
20 36 71
20 37 47
20 38 189
20 39 163
20 40 183
20 41 152
20 42 42
20 43 41
20 44 298
20 45 146
20 46 263
20 47 60
20 48 85
20 49 219
20 50 90
20 51 84
20 52 32
20 53 133
20 54 50
20 55 131
20 56 83
20 57 210
20 58 168
20 59 244
20 60 44
20 61 179
20 62 40
20 63 280
20 64 188
20 65 155
20 66 271
20 67 163
20 68 206
20 69 190
20 70 48
20 71 207
20 72 81
20 73 53
20 74 81
20 75 179
20 76 241
20 77 131
20 78 241
20 79 203
20 80 198
20 81 32
20 82 174
20 83 238
20 84 279
20 85 208
20 86 262
20 87 184
20 88 116
20 89 227
20 90 267
20 91 174
20 92 158
20 93 293
20 94 149
20 95 110
20 96 46
20 97 47
20 98 179
20 99 41
21 1 40
21 2 52
21 3 144
21 4 219
21 5 218
21 6 79
21 7 295
21 8 182
21 9 40
21 10 277
21 11 62
21 12 226
21 13 38
21 14 289
21 15 215
21 16 145
21 17 90
21 18 240
21 19 292
21 20 71
21 22 74
21 23 75
21 24 102
21 25 267
21 26 202
21 27 40
21 28 50
21 29 262
21 30 106
21 31 255
21 32 276
21 33 86
21 34 59
21 35 142
21 36 144
21 37 260
21 38 195
21 39 51
21 40 41
21 41 244
21 42 172
21 43 121
21 44 77
21 45 150
21 46 50
21 47 271
21 48 54
21 49 136
21 50 272
21 51 224
21 52 195
21 53 35
21 54 148
21 55 126
21 56 120
21 57 251
21 58 178
21 59 235
21 60 109
21 61 100
21 62 144
21 63 82
21 64 212
21 65 183
21 66 64
21 67 146
21 68 148
21 69 211
21 70 164
21 71 162
21 72 165
21 73 207
21 74 267
21 75 239
21 76 167
21 77 181
21 78 191
21 79 211
21 80 262
21 81 296
21 82 78
21 83 106
21 84 74
21 85 59
21 86 144
21 87 234
21 88 179
21 89 240
21 90 250
21 91 175
21 92 110
21 93 127
21 94 75
21 95 238
21 96 93
21 97 48
21 98 150
21 99 95
22 1 110
22 2 205
22 3 213
22 4 254
22 5 268
22 6 31
22 7 273
22 8 92
22 9 251
22 10 142
22 11 279
22 12 153
22 13 84
22 14 292
22 15 283
22 16 230
22 17 86
22 18 116
22 19 66
22 20 121
22 21 74
22 23 130
22 24 189
22 25 210
22 26 286
22 27 70
22 28 210
22 29 232
22 30 137
22 31 183
22 32 205
22 33 131
22 34 72
22 35 232
22 36 266
22 37 83
22 38 182
22 39 209
22 40 195
22 41 139
22 42 152
22 43 92
22 44 99
22 45 255
22 46 198
22 47 79
22 48 183
22 49 203
22 50 60
22 51 164
22 52 231
22 53 136
22 54 136
22 55 88
22 56 85
22 57 45
22 58 229
22 59 186
22 60 110
22 61 199
22 62 60
22 63 94
22 64 162
22 65 282
22 66 272
22 67 179
22 68 91
22 69 269
22 70 98
22 71 75
22 72 50
22 73 289
22 74 236
22 75 160
22 76 290
22 77 117
22 78 34
22 79 39
22 80 123
22 81 66
22 82 47
22 83 129
22 84 221
22 85 246
22 86 210
22 87 93
22 88 41
22 89 65
22 90 117
22 91 159
22 92 222
22 93 291
22 94 115
22 95 81
22 96 117
22 97 296
22 98 123
22 99 288
23 1 148
23 2 174
23 3 162
23 4 74
23 5 139
23 6 274
23 7 63
23 8 267
23 9 285
23 10 133
23 11 228
23 12 49
23 13 155
23 14 45
23 15 115
23 16 165
23 17 202
23 18 249
23 19 222
23 20 282
23 21 75
23 22 130
23 24 170
23 25 108
23 26 235
23 27 122
23 28 32
23 29 114
23 30 132
23 31 243
23 32 96
23 33 150
23 34 128
23 35 189
23 36 265
23 37 146
23 38 135
23 39 70
23 40 245
23 41 232
23 42 234
23 43 140
23 44 89
23 45 213
23 46 143
23 47 211
23 48 144
23 49 34
23 50 252
23 51 108
23 52 126
23 53 126
23 54 281
23 55 246
23 56 220
23 57 176
23 58 49
23 59 110
23 60 71
23 61 285
23 62 123
23 63 271
23 64 252
23 65 102
23 66 85
23 67 269
23 68 75
23 69 293
23 70 162
23 71 160
23 72 266
23 73 60
23 74 33
23 75 207
23 76 63
23 77 46
23 78 168
23 79 46
23 80 211
23 81 174
23 82 134
23 83 183
23 84 292
23 85 256
23 86 281
23 87 103
23 88 175
23 89 158
23 90 93
23 91 39
23 92 31
23 93 174
23 94 229
23 95 183
23 96 126
23 97 253
23 98 176
23 99 219
24 1 56
24 2 176
24 3 222
24 4 95
24 5 69
24 6 141
24 7 189
24 8 71
24 9 190
24 10 58
24 11 289
24 12 258
24 13 172
24 14 107
24 15 137
24 16 283
24 17 116
24 18 99
24 19 268
24 20 115
24 21 102
24 22 189
24 23 170
24 25 41
24 26 225
24 27 176
24 28 183
24 29 30
24 30 51
24 31 246
24 32 187
24 33 216
24 34 170
24 35 190
24 36 45
24 37 103
24 38 83
24 39 205
24 40 103
24 41 300
24 42 284
24 43 41
24 44 68
24 45 135
24 46 100
24 47 41
24 48 116
24 49 30
24 50 50
24 51 65
24 52 91
24 53 167
24 54 233
24 55 81
24 56 122
24 57 237
24 58 57
24 59 138
24 60 114
24 61 58
24 62 271
24 63 177
24 64 98
24 65 224
24 66 94
24 67 125
24 68 233
24 69 41
24 70 191
24 71 176
24 72 104
24 73 162
24 74 191
24 75 167
24 76 259
24 77 187
24 78 283
24 79 61
24 80 222
24 81 231
24 82 286
24 83 31
24 84 161
24 85 268
24 86 132
24 87 238
24 88 290
24 89 278
24 90 248
24 91 234
24 92 219
24 93 225
24 94 220
24 95 71
24 96 138
24 97 122
24 98 284
24 99 30
25 1 99
25 2 288
25 3 173
25 4 34
25 5 286
25 6 279
25 7 228
25 8 223
25 9 30
25 10 217
25 11 183
25 12 73
25 13 299
25 14 131
25 15 53
25 16 88
25 17 207
25 18 31
25 19 259
25 20 122
25 21 267
25 22 210
25 23 108
25 24 41
25 26 67
25 27 153
25 28 241
25 29 81
25 30 238
25 31 169
25 32 125
25 33 181
25 34 81
25 35 240
25 36 56
25 37 127
25 38 100
25 39 288
25 40 42
25 41 175
25 42 60
25 43 285
25 44 118
25 45 97
25 46 82
25 47 196
25 48 108
25 49 219
25 50 188
25 51 225
25 52 126
25 53 90
25 54 84
25 55 238
25 56 250
25 57 274
25 58 298
25 59 185
25 60 68
25 61 69
25 62 118
25 63 147
25 64 250
25 65 126
25 66 96
25 67 132
25 68 195
25 69 69
25 70 84
25 71 226
25 72 49
25 73 279
25 74 231
25 75 140
25 76 76
25 77 283
25 78 68
25 79 149
25 80 95
25 81 129
25 82 242
25 83 166
25 84 73
25 85 107
25 86 144
25 87 189
25 88 180
25 89 75
25 90 221
25 91 146
25 92 184
25 93 269
25 94 154
25 95 150
25 96 73
25 97 157
25 98 248
25 99 216
26 1 131
26 2 223
26 3 120
26 4 290
26 5 259
26 6 126
26 7 292
26 8 234
26 9 222
26 10 209
26 11 144
26 12 151
26 13 223
26 14 65
26 15 222
26 16 32
26 17 213
26 18 224
26 19 141
26 20 174
26 21 202
26 22 286
26 23 235
26 24 225
26 25 67
26 27 265
26 28 253
26 29 287
26 30 137
26 31 156
26 32 239
26 33 198
26 34 136
26 35 291
26 36 125
26 37 54
26 38 102
26 39 290
26 40 41
26 41 137
26 42 83
26 43 185
26 44 156
26 45 131
26 46 162
26 47 193
26 48 264
26 49 58
26 50 94
26 51 87
26 52 261
26 53 106
26 54 207
26 55 229
26 56 110
26 57 293
26 58 196
26 59 82
26 60 38
26 61 81
26 62 200
26 63 166
26 64 101
26 65 281
26 66 90
26 67 288
26 68 195
26 69 199
26 70 88
26 71 36
26 72 66
26 73 257
26 74 62
26 75 151
26 76 137
26 77 208
26 78 298
26 79 242
26 80 268
26 81 149
26 82 183
26 83 238
26 84 43
26 85 72
26 86 48
26 87 174
26 88 44
26 89 281
26 90 297
26 91 133
26 92 31
26 93 142
26 94 236
26 95 132
26 96 187
26 97 85
26 98 69
26 99 185
27 1 137
27 2 95
27 3 131
27 4 220
27 5 39
27 6 256
27 7 233
27 8 50
27 9 56
27 10 137
27 11 99
27 12 260
27 13 210
27 14 192
27 15 292
27 16 41
27 17 92
27 18 68
27 19 299
27 20 76
27 21 40
27 22 70
27 23 122
27 24 176
27 25 153
27 26 265
27 28 187
27 29 228
27 30 159
27 31 233
27 32 62
27 33 166
27 34 91
27 35 88
27 36 275
27 37 237
27 38 89
27 39 236
27 40 164
27 41 94
27 42 30
27 43 198
27 44 255
27 45 107
27 46 270
27 47 216
27 48 256
27 49 152
27 50 176
27 51 181
27 52 180
27 53 96
27 54 67
27 55 297
27 56 199
27 57 73
27 58 174
27 59 218
27 60 33
27 61 267
27 62 50
27 63 182
27 64 86
27 65 62
27 66 41
27 67 99
27 68 209
27 69 242
27 70 219
27 71 284
27 72 276
27 73 251
27 74 291
27 75 126
27 76 90
27 77 274
27 78 224
27 79 142
27 80 162
27 81 60
27 82 207
27 83 169
27 84 56
27 85 50
27 86 212
27 87 280
27 88 86
27 89 85
27 90 87
27 91 81
27 92 132
27 93 129
27 94 276
27 95 286
27 96 206
27 97 39
27 98 208
27 99 283
28 1 85
28 2 163
28 3 165
28 4 274
28 5 177
28 6 276
28 7 175
28 8 47
28 9 105
28 10 265
28 11 39
28 12 258
28 13 209
28 14 234
28 15 171
28 16 234
28 17 282
28 18 284
28 19 250
28 20 81
28 21 50
28 22 210
28 23 32
28 24 183
28 25 241
28 26 253
28 27 187
28 29 45
28 30 189
28 31 46
28 32 70
28 33 84
28 34 222
28 35 91
28 36 188
28 37 299
28 38 32
28 39 131
28 40 203
28 41 50
28 42 104
28 43 68
28 44 37
28 45 70
28 46 115
28 47 135
28 48 220
28 49 60
28 50 236
28 51 58
28 52 146
28 53 163
28 54 295
28 55 113
28 56 51
28 57 196
28 58 95
28 59 203
28 60 263
28 61 152
28 62 280
28 63 274
28 64 258
28 65 191
28 66 148
28 67 88
28 68 101
28 69 282
28 70 224
28 71 70
28 72 108
28 73 162
28 74 177
28 75 299
28 76 56
28 77 114
28 78 103
28 79 208
28 80 259
28 81 146
28 82 256
28 83 76
28 84 269
28 85 243
28 86 136
28 87 266
28 88 61
28 89 296
28 90 178
28 91 216
28 92 188
28 93 113
28 94 232
28 95 62
28 96 285
28 97 246
28 98 190
28 99 218
29 1 200
29 2 59
29 3 114
29 4 31
29 5 105
29 6 39
29 7 256
29 8 66
29 9 58
29 10 209
29 11 292
29 12 88
29 13 235
29 14 185
29 15 145
29 16 269
29 17 47
29 18 111
29 19 144
29 20 212
29 21 262
29 22 232
29 23 114
29 24 30
29 25 81
29 26 287
29 27 228
29 28 45
29 30 89
29 31 101
29 32 95
29 33 276
29 34 231
29 35 270
29 36 264
29 37 30
29 38 201
29 39 264
29 40 130
29 41 104
29 42 118
29 43 189
29 44 105
29 45 204
29 46 159
29 47 146
29 48 114
29 49 296
29 50 239
29 51 287
29 52 160
29 53 243
29 54 268
29 55 178
29 56 81
29 57 200
29 58 108
29 59 153
29 60 64
29 61 39
29 62 77
29 63 106
29 64 101
29 65 192
29 66 103
29 67 146
29 68 212
29 69 247
29 70 41
29 71 195
29 72 251
29 73 234
29 74 130
29 75 113
29 76 255
29 77 120
29 78 77
29 79 215
29 80 108
29 81 32
29 82 139
29 83 234
29 84 266
29 85 97
29 86 261
29 87 36
29 88 241
29 89 127
29 90 71
29 91 286
29 92 217
29 93 105
29 94 137
29 95 204
29 96 190
29 97 50
29 98 283
29 99 130
30 1 61
30 2 98
30 3 226
30 4 258
30 5 177
30 6 205
30 7 116
30 8 224
30 9 215
30 10 60
30 11 71
30 12 63
30 13 63
30 14 105
30 15 179
30 16 64
30 17 179
30 18 258
30 19 96
30 20 186
30 21 106
30 22 137
30 23 132
30 24 51
30 25 238
30 26 137
30 27 159
30 28 189
30 29 89
30 31 209
30 32 167
30 33 149
30 34 270
30 35 85
30 36 67
30 37 223
30 38 91
30 39 286
30 40 129
30 41 202
30 42 72
30 43 238
30 44 164
30 45 87
30 46 222
30 47 184
30 48 60
30 49 233
30 50 58
30 51 263
30 52 249
30 53 102
30 54 49
30 55 159
30 56 212
30 57 104
30 58 170
30 59 127
30 60 86
30 61 179
30 62 38
30 63 193
30 64 261
30 65 78
30 66 40
30 67 78
30 68 51
30 69 125
30 70 81
30 71 82
30 72 109
30 73 188
30 74 208
30 75 245
30 76 239
30 77 296
30 78 203
30 79 89
30 80 209
30 81 171
30 82 84
30 83 191
30 84 164
30 85 244
30 86 262
30 87 270
30 88 189
30 89 33
30 90 101
30 91 202
30 92 48
30 93 40
30 94 35
30 95 253
30 96 155
30 97 234
30 98 289
30 99 253
31 1 97
31 2 260
31 3 272
31 4 226
31 5 82
31 6 254
31 7 152
31 8 286
31 9 177
31 10 170
31 11 209
31 12 152
31 13 121
31 14 205
31 15 144
31 16 49
31 17 238
31 18 183
31 19 80
31 20 267
31 21 255
31 22 183
31 23 243
31 24 246
31 25 169
31 26 156
31 27 233
31 28 46
31 29 101
31 30 209
31 32 39
31 33 68
31 34 132
31 35 275
31 36 74
31 37 117
31 38 93
31 39 65
31 40 296
31 41 106
31 42 154
31 43 124
31 44 155
31 45 93
31 46 61
31 47 123
31 48 43
31 49 111
31 50 37
31 51 111
31 52 204
31 53 55
31 54 173
31 55 264
31 56 90
31 57 170
31 58 291
31 59 163
31 60 59
31 61 195
31 62 112
31 63 245
31 64 292
31 65 253
31 66 40
31 67 270
31 68 214
31 69 89
31 70 158
31 71 213
31 72 153
31 73 276
31 74 95
31 75 274
31 76 129
31 77 288
31 78 272
31 79 69
31 80 228
31 81 64
31 82 194
31 83 221
31 84 193
31 85 214
31 86 51
31 87 202
31 88 293
31 89 87
31 90 241
31 91 214
31 92 233
31 93 166
31 94 45
31 95 147
31 96 124
31 97 230
31 98 139
31 99 276
32 1 35
32 2 155
32 3 181
32 4 99
32 5 280
32 6 91
32 7 216
32 8 54
32 9 38
32 10 222
32 11 250
32 12 202
32 13 210
32 14 160
32 15 293
32 16 84
32 17 174
32 18 103
32 19 196
32 20 289
32 21 276
32 22 205
32 23 96
32 24 187
32 25 125
32 26 239
32 27 62
32 28 70
32 29 95
32 30 167
32 31 39
32 33 60
32 34 146
32 35 140
32 36 142
32 37 212
32 38 233
32 39 268
32 40 187
32 41 300
32 42 224
32 43 118
32 44 188
32 45 126
32 46 169
32 47 62
32 48 282
32 49 226
32 50 188
32 51 207
32 52 181
32 53 153
32 54 74
32 55 94
32 56 179
32 57 207
32 58 224
32 59 130
32 60 263
32 61 89
32 62 116
32 63 182
32 64 205
32 65 207
32 66 131
32 67 282
32 68 50
32 69 42
32 70 93
32 71 92
32 72 77
32 73 146
32 74 113
32 75 129
32 76 170
32 77 128
32 78 88
32 79 128
32 80 72
32 81 240
32 82 179
32 83 151
32 84 213
32 85 146
32 86 137
32 87 157
32 88 51
32 89 113
32 90 135
32 91 180
32 92 210
32 93 62
32 94 289
32 95 269
32 96 262
32 97 97
32 98 67
32 99 173
33 1 108
33 2 158
33 3 118
33 4 43
33 5 279
33 6 174
33 7 213
33 8 44
33 9 180
33 10 43
33 11 233
33 12 197
33 13 179
33 14 170
33 15 49
33 16 32
33 17 145
33 18 68
33 19 245
33 20 168
33 21 86
33 22 131
33 23 150
33 24 216
33 25 181
33 26 198
33 27 166
33 28 84
33 29 276
33 30 149
33 31 68
33 32 60
33 34 109
33 35 105
33 36 113
33 37 191
33 38 157
33 39 33
33 40 295
33 41 150
33 42 117
33 43 115
33 44 115
33 45 61
33 46 96
33 47 261
33 48 206
33 49 122
33 50 134
33 51 102
33 52 100
33 53 162
33 54 65
33 55 130
33 56 241
33 57 49
33 58 122
33 59 101
33 60 250
33 61 218
33 62 217
33 63 273
33 64 284
33 65 105
33 66 192
33 67 98
33 68 116
33 69 286
33 70 163
33 71 35
33 72 100
33 73 205
33 74 106
33 75 135
33 76 164
33 77 202
33 78 49
33 79 139
33 80 208
33 81 250
33 82 195
33 83 51
33 84 171
33 85 94
33 86 240
33 87 138
33 88 114
33 89 285
33 90 189
33 91 227
33 92 189
33 93 212
33 94 56
33 95 135
33 96 87
33 97 294
33 98 35
33 99 141
34 1 133
34 2 169
34 3 296
34 4 263
34 5 193
34 6 83
34 7 274
34 8 42
34 9 267
34 10 131
34 11 93
34 12 112
34 13 128
34 14 84
34 15 47
34 16 79
34 17 42
34 18 72
34 19 165
34 20 35
34 21 59
34 22 72
34 23 128
34 24 170
34 25 81
34 26 136
34 27 91
34 28 222
34 29 231
34 30 270
34 31 132
34 32 146
34 33 109
34 35 225
34 36 82
34 37 149
34 38 292
34 39 209
34 40 168
34 41 281
34 42 88
34 43 37
34 44 176
34 45 214
34 46 220
34 47 152
34 48 145
34 49 182
34 50 73
34 51 162
34 52 281
34 53 233
34 54 274
34 55 165
34 56 182
34 57 189
34 58 155
34 59 119
34 60 161
34 61 194
34 62 240
34 63 101
34 64 293
34 65 143
34 66 128
34 67 99
34 68 249
34 69 85
34 70 105
34 71 158
34 72 83
34 73 191
34 74 45
34 75 78
34 76 224
34 77 247
34 78 108
34 79 187
34 80 224
34 81 259
34 82 78
34 83 245
34 84 130
34 85 179
34 86 107
34 87 240
34 88 70
34 89 61
34 90 288
34 91 234
34 92 220
34 93 299
34 94 90
34 95 228
34 96 194
34 97 153
34 98 299
34 99 146
35 1 78
35 2 49
35 3 64
35 4 165
35 5 70
35 6 186
35 7 163
35 8 135
35 9 153
35 10 72
35 11 30
35 12 37
35 13 217
35 14 289
35 15 123
35 16 124
35 17 172
35 18 93
35 19 97
35 20 45
35 21 142
35 22 232
35 23 189
35 24 190
35 25 240
35 26 291
35 27 88
35 28 91
35 29 270
35 30 85
35 31 275
35 32 140
35 33 105
35 34 225
35 36 297
35 37 243
35 38 293
35 39 101
35 40 261
35 41 221
35 42 239
35 43 220
35 44 141
35 45 60
35 46 194
35 47 162
35 48 36
35 49 80
35 50 272
35 51 81
35 52 148
35 53 262
35 54 299
35 55 269
35 56 271
35 57 141
35 58 42
35 59 122
35 60 58
35 61 197
35 62 259
35 63 151
35 64 193
35 65 94
35 66 272
35 67 50
35 68 209
35 69 213
35 70 34
35 71 134
35 72 239
35 73 198
35 74 198
35 75 189
35 76 33
35 77 81
35 78 289
35 79 47
35 80 201
35 81 181
35 82 292
35 83 155
35 84 200
35 85 178
35 86 197
35 87 241
35 88 35
35 89 261
35 90 300
35 91 213
35 92 49
35 93 154
35 94 128
35 95 102
35 96 124
35 97 214
35 98 202
35 99 118
36 1 290
36 2 62
36 3 135
36 4 116
36 5 198
36 6 263
36 7 253
36 8 239
36 9 274
36 10 81
36 11 257
36 12 78
36 13 46
36 14 283
36 15 72
36 16 234
36 17 213
36 18 136
36 19 299
36 20 71
36 21 144
36 22 266
36 23 265
36 24 45
36 25 56
36 26 125
36 27 275
36 28 188
36 29 264
36 30 67
36 31 74
36 32 142
36 33 113
36 34 82
36 35 297
36 37 128
36 38 60
36 39 48
36 40 205
36 41 116
36 42 190
36 43 150
36 44 35
36 45 82
36 46 125
36 47 160
36 48 102
36 49 289
36 50 271
36 51 185
36 52 152
36 53 57
36 54 160
36 55 192
36 56 39
36 57 134
36 58 65
36 59 278
36 60 269
36 61 59
36 62 298
36 63 220
36 64 221
36 65 243
36 66 66
36 67 88
36 68 57
36 69 254
36 70 234
36 71 46
36 72 143
36 73 193
36 74 242
36 75 180
36 76 84
36 77 290
36 78 229
36 79 291
36 80 246
36 81 257
36 82 141
36 83 179
36 84 258
36 85 256
36 86 222
36 87 47
36 88 154
36 89 185
36 90 205
36 91 140
36 92 150
36 93 102
36 94 164
36 95 178
36 96 134
36 97 299
36 98 289
36 99 107
37 1 166
37 2 87
37 3 177
37 4 32
37 5 156
37 6 175
37 7 111
37 8 127
37 9 88
37 10 232
37 11 107
37 12 46
37 13 81
37 14 101
37 15 123
37 16 281
37 17 188
37 18 295
37 19 172
37 20 47
37 21 260
37 22 83
37 23 146
37 24 103
37 25 127
37 26 54
37 27 237
37 28 299
37 29 30
37 30 223
37 31 117
37 32 212
37 33 191
37 34 149
37 35 243
37 36 128
37 38 35
37 39 93
37 40 171
37 41 259
37 42 199
37 43 156
37 44 188
37 45 133
37 46 232
37 47 210
37 48 148
37 49 117
37 50 221
37 51 218
37 52 193
37 53 156
37 54 189
37 55 70
37 56 229
37 57 183
37 58 231
37 59 162
37 60 57
37 61 79
37 62 180
37 63 190
37 64 52
37 65 41
37 66 148
37 67 246
37 68 152
37 69 40
37 70 135
37 71 90
37 72 131
37 73 276
37 74 273
37 75 34
37 76 63
37 77 200
37 78 198
37 79 39
37 80 87
37 81 185
37 82 217
37 83 104
37 84 252
37 85 285
37 86 178
37 87 221
37 88 31
37 89 106
37 90 63
37 91 117
37 92 59
37 93 45
37 94 110
37 95 286
37 96 158
37 97 271
37 98 169
37 99 38
38 1 160
38 2 140
38 3 164
38 4 98
38 5 269
38 6 112
38 7 74
38 8 205
38 9 271
38 10 280
38 11 229
38 12 163
38 13 259
38 14 159
38 15 254
38 16 286
38 17 83
38 18 47
38 19 101
38 20 189
38 21 195
38 22 182
38 23 135
38 24 83
38 25 100
38 26 102
38 27 89
38 28 32
38 29 201
38 30 91
38 31 93
38 32 233
38 33 157
38 34 292
38 35 293
38 36 60
38 37 35
38 39 164
38 40 297
38 41 284
38 42 142
38 43 31
38 44 191
38 45 191
38 46 231
38 47 38
38 48 99
38 49 265
38 50 228
38 51 58
38 52 124
38 53 52
38 54 121
38 55 46
38 56 236
38 57 293
38 58 227
38 59 101
38 60 111
38 61 242
38 62 131
38 63 38
38 64 221
38 65 157
38 66 269
38 67 267
38 68 193
38 69 255
38 70 184
38 71 300
38 72 237
38 73 212
38 74 229
38 75 254
38 76 190
38 77 127
38 78 133
38 79 90
38 80 82
38 81 140
38 82 128
38 83 183
38 84 276
38 85 176
38 86 107
38 87 146
38 88 288
38 89 127
38 90 111
38 91 194
38 92 95
38 93 258
38 94 115
38 95 110
38 96 58
38 97 239
38 98 273
38 99 252
39 1 132
39 2 91
39 3 154
39 4 300
39 5 108
39 6 67
39 7 97
39 8 229
39 9 244
39 10 62
39 11 87
39 12 277
39 13 130
39 14 184
39 15 207
39 16 123
39 17 64
39 18 108
39 19 237
39 20 163
39 21 51
39 22 209
39 23 70
39 24 205
39 25 288
39 26 290
39 27 236
39 28 131
39 29 264
39 30 286
39 31 65
39 32 268
39 33 33
39 34 209
39 35 101
39 36 48
39 37 93
39 38 164
39 40 121
39 41 256
39 42 59
39 43 125
39 44 74
39 45 53
39 46 142
39 47 247
39 48 186
39 49 130
39 50 203
39 51 265
39 52 45
39 53 281
39 54 252
39 55 140
39 56 184
39 57 267
39 58 276
39 59 51
39 60 290
39 61 297
39 62 221
39 63 260
39 64 141
39 65 223
39 66 236
39 67 176
39 68 154
39 69 50
39 70 53
39 71 245
39 72 148
39 73 109
39 74 101
39 75 173
39 76 216
39 77 89
39 78 114
39 79 140
39 80 300
39 81 183
39 82 149
39 83 273
39 84 225
39 85 103
39 86 91
39 87 166
39 88 78
39 89 252
39 90 229
39 91 226
39 92 192
39 93 30
39 94 96
39 95 123
39 96 103
39 97 127
39 98 267
39 99 267
40 1 170
40 2 56
40 3 46
40 4 61
40 5 66
40 6 261
40 7 119
40 8 185
40 9 46
40 10 273
40 11 213
40 12 286
40 13 45
40 14 83
40 15 198
40 16 234
40 17 163
40 18 60
40 19 155
40 20 183
40 21 41
40 22 195
40 23 245
40 24 103
40 25 42
40 26 41
40 27 164
40 28 203
40 29 130
40 30 129
40 31 296
40 32 187
40 33 295
40 34 168
40 35 261
40 36 205
40 37 171
40 38 297
40 39 121
40 41 283
40 42 172
40 43 128
40 44 150
40 45 269
40 46 87
40 47 80
40 48 101
40 49 110
40 50 157
40 51 83
40 52 201
40 53 269
40 54 212
40 55 225
40 56 77
40 57 52
40 58 80
40 59 238
40 60 127
40 61 240
40 62 232
40 63 211
40 64 105
40 65 121
40 66 221
40 67 263
40 68 66
40 69 274
40 70 117
40 71 182
40 72 66
40 73 147
40 74 135
40 75 54
40 76 129
40 77 164
40 78 190
40 79 134
40 80 259
40 81 201
40 82 228
40 83 104
40 84 168
40 85 295
40 86 131
40 87 179
40 88 129
40 89 219
40 90 288
40 91 276
40 92 282
40 93 242
40 94 106
40 95 188
40 96 125
40 97 236
40 98 266
40 99 53
41 1 32
41 2 107
41 3 207
41 4 150
41 5 46
41 6 251
41 7 211
41 8 207
41 9 246
41 10 117
41 11 139
41 12 166
41 13 215
41 14 234
41 15 262
41 16 270
41 17 85
41 18 298
41 19 258
41 20 152
41 21 244
41 22 139
41 23 232
41 24 300
41 25 175
41 26 137
41 27 94
41 28 50
41 29 104
41 30 202
41 31 106
41 32 300
41 33 150
41 34 281
41 35 221
41 36 116
41 37 259
41 38 284
41 39 256
41 40 283
41 42 45
41 43 128
41 44 299
41 45 137
41 46 265
41 47 47
41 48 166
41 49 230
41 50 128
41 51 187
41 52 109
41 53 190
41 54 84
41 55 249
41 56 53
41 57 212
41 58 103
41 59 86
41 60 81
41 61 89
41 62 185
41 63 239
41 64 60
41 65 239
41 66 57
41 67 121
41 68 267
41 69 138
41 70 290
41 71 86
41 72 132
41 73 52
41 74 266
41 75 104
41 76 275
41 77 123
41 78 114
41 79 99
41 80 41
41 81 126
41 82 112
41 83 278
41 84 146
41 85 119
41 86 260
41 87 229
41 88 288
41 89 124
41 90 75
41 91 47
41 92 122
41 93 97
41 94 111
41 95 288
41 96 160
41 97 40
41 98 165
41 99 270
42 1 119
42 2 152
42 3 104
42 4 120
42 5 35
42 6 246
42 7 82
42 8 177
42 9 136
42 10 52
42 11 175
42 12 200
42 13 32
42 14 277
42 15 73
42 16 259
42 17 224
42 18 212
42 19 167
42 20 42
42 21 172
42 22 152
42 23 234
42 24 284
42 25 60
42 26 83
42 27 30
42 28 104
42 29 118
42 30 72
42 31 154
42 32 224
42 33 117
42 34 88
42 35 239
42 36 190
42 37 199
42 38 142
42 39 59
42 40 172
42 41 45
42 43 96
42 44 261
42 45 139
42 46 118
42 47 126
42 48 49
42 49 268
42 50 62
42 51 284
42 52 42
42 53 295
42 54 144
42 55 48
42 56 215
42 57 224
42 58 54
42 59 196
42 60 216
42 61 225
42 62 293
42 63 206
42 64 263
42 65 240
42 66 178
42 67 156
42 68 197
42 69 63
42 70 130
42 71 61
42 72 164
42 73 187
42 74 240
42 75 206
42 76 226
42 77 293
42 78 287
42 79 263
42 80 192
42 81 193
42 82 218
42 83 122
42 84 205
42 85 80
42 86 235
42 87 137
42 88 191
42 89 147
42 90 104
42 91 76
42 92 183
42 93 190
42 94 148
42 95 177
42 96 292
42 97 209
42 98 122
42 99 276
43 1 76
43 2 130
43 3 48
43 4 177
43 5 137
43 6 139
43 7 34
43 8 257
43 9 162
43 10 128
43 11 152
43 12 113
43 13 159
43 14 103
43 15 134
43 16 223
43 17 276
43 18 208
43 19 293
43 20 41
43 21 121
43 22 92
43 23 140
43 24 41
43 25 285
43 26 185
43 27 198
43 28 68
43 29 189
43 30 238
43 31 124
43 32 118
43 33 115
43 34 37
