s 6 256
s 10 76
s 12 83
s 34 143
s 36 111
s 38 237
s 41 149
s 43 209
s 48 113
s 74 245
s 85 72
s 93 193
s 96 200
s 97 107
s 98 271
1 41 127
1 59 198
1 71 119
1 79 72
1 81 293
1 83 62
1 95 235
1 97 82
2 3 167
2 11 42
2 14 202
2 16 200
2 21 248
2 24 72
2 29 265
2 32 184
2 37 95
2 38 286
2 55 265
2 61 135
2 92 235
3 2 167
3 4 115
3 9 169
3 14 44
3 18 121
3 25 114
3 29 188
3 48 274
3 50 239
3 84 215
3 91 264
3 92 277
3 94 72
4 3 115
4 12 37
4 21 242
4 27 187
4 30 93
4 35 119
4 36 110
4 57 89
4 63 222
4 69 190
4 70 35
4 82 120
5 16 179
5 77 45
5 83 32
6 15 133
6 26 282
6 37 259
6 64 59
6 65 95
6 82 181
6 83 259
6 86 219
6 92 189
6 94 125
7 13 269
7 41 209
7 44 144
7 45 280
7 52 270
7 62 240
7 67 60
7 84 87
7 87 148
7 98 293
8 9 108
8 38 108
8 55 87
8 57 110
8 66 283
8 67 184
8 82 272
9 3 169
9 8 108
9 24 103
9 26 173
9 41 121
9 45 208
9 47 39
9 66 134
9 82 232
9 93 100
10 39 84
10 51 167
10 54 294
10 87 220
10 94 119
10 97 290
11 2 42
11 12 148
11 38 215
11 48 93
11 51 174
11 84 253
11 97 262
12 4 37
12 11 148
12 55 60
12 69 89
12 73 189
12 78 93
13 7 269
13 16 80
13 18 43
13 27 250
13 39 203
13 44 47
13 56 110
13 66 293
13 68 133
13 72 166
13 81 151
14 2 202
14 3 44
14 20 112
14 29 154
14 39 298
14 53 241
14 56 166
14 66 68
14 82 140
14 89 290
14 93 82
15 6 133
15 50 213
15 58 166
15 60 118
15 84 239
15 87 94
15 93 143
15 95 250
15 98 296
16 2 200
16 5 179
16 13 80
16 23 279
16 24 283
16 48 65
16 49 91
16 60 74
16 74 87
16 85 124
16 98 212
17 35 138
17 40 131
17 44 107
17 52 172
17 72 130
17 91 43
17 95 167
18 3 121
18 13 43
18 29 269
18 41 125
18 46 289
18 57 202
18 61 161
18 76 67
18 85 221
18 92 292
19 30 166
19 31 124
19 34 89
19 49 128
19 53 254
19 62 283
19 85 110
19 86 289
19 92 216
19 96 184
20 14 112
20 31 227
20 43 181
20 64 215
20 70 163
20 87 286
21 2 248
21 4 242
21 27 69
21 49 172
21 91 187
22 26 37
22 28 65
22 32 141
22 54 160
22 61 98
22 64 221
22 95 45
23 16 279
23 33 230
23 37 164
23 39 142
23 42 228
23 47 62
23 48 78
23 52 91
23 56 143
23 73 296
23 93 52
24 2 72
24 9 103
24 16 283
24 25 48
24 41 55
24 46 51
24 99 175
25 3 114
25 24 48
25 52 199
25 55 31
25 91 197
25 95 102
25 98 115
26 6 282
26 9 173
26 22 37
26 27 151
26 29 266
26 36 283
26 42 260
26 76 40
26 87 228
26 90 253
27 4 187
27 13 250
27 21 69
27 26 151
27 29 191
27 31 192
27 33 40
27 45 276
27 56 249
27 64 71
27 65 237
27 79 264
28 22 65
28 43 172
28 59 224
28 61 215
28 72 260
28 74 197
28 79 244
28 91 72
29 2 265
29 3 188
29 14 154
29 18 269
29 26 266
29 27 191
29 43 257
29 52 299
29 58 238
29 66 91
29 73 241
29 81 71
29 88 252
30 4 93
30 19 166
30 50 51
30 59 272
30 82 125
30 88 96
30 93 184
31 19 124
31 20 227
31 27 192
31 37 192
31 39 277
31 56 228
31 60 191
31 65 39
31 79 294
31 84 90
31 94 245
31 96 129
32 2 184
32 22 141
32 57 264
32 58 192
32 82 119
32 86 67
33 23 230
33 27 40
33 38 113
33 40 176
33 45 84
33 47 185
33 65 261
33 82 54
33 85 172
33 88 104
33 90 91
34 19 89
34 39 97
34 40 76
34 70 67
34 80 251
34 95 87
35 4 119
35 17 138
35 39 206
35 67 115
35 69 298
36 4 110
36 26 283
36 49 299
36 62 60
36 66 228
36 87 290
36 95 72
37 2 95
37 6 259
37 23 164
37 31 192
37 48 99
37 68 61
37 94 243
38 2 286
38 8 108
38 11 215
38 33 113
38 41 180
38 67 170
38 89 72
38 91 190
39 10 84
39 13 203
39 14 298
39 23 142
39 31 277
39 34 97
39 35 206
39 53 222
39 67 242
39 70 264
39 71 37
39 84 290
39 98 254
40 17 131
40 33 176
40 34 76
40 55 164
40 68 140
40 78 212
40 99 123
41 1 127
41 7 209
41 9 121
41 18 125
41 24 55
41 38 180
41 43 264
41 60 44
41 73 98
41 85 272
41 90 76
42 23 228
42 26 260
42 44 217
42 48 144
42 52 145
42 59 233
42 75 33
42 97 143
43 20 181
43 28 172
43 29 257
43 41 264
43 49 273
43 97 289
44 7 144
44 13 47
44 17 107
44 42 217
44 53 77
44 57 143
44 59 47
44 91 189
45 7 280
45 9 208
45 27 276
45 33 84
45 56 281
45 57 53
45 89 224
45 93 184
46 18 289
46 24 51
46 61 117
46 62 127
46 63 32
46 91 68
46 92 262
47 9 39
47 23 62
47 33 185
47 51 236
47 55 291
47 57 84
47 81 267
47 84 179
47 91 43
47 92 174
48 3 274
48 11 93
48 16 65
48 23 78
48 37 99
48 42 144
48 64 72
48 68 276
48 71 238
48 82 188
48 87 140
48 95 61
48 98 139
49 16 91
49 19 128
49 21 172
49 36 299
49 43 273
49 86 159
49 95 229
50 3 239
50 15 213
50 30 51
50 51 300
50 65 122
50 68 222
50 81 53
50 93 239
50 95 226
51 10 167
51 11 174
51 47 236
51 50 300
51 73 93
51 85 162
51 89 191
52 7 270
52 17 172
52 23 91
52 25 199
52 29 299
52 42 145
52 58 38
52 82 37
53 14 241
53 19 254
53 39 222
53 44 77
53 62 150
53 63 277
53 64 280
53 65 217
53 86 171
53 90 180
53 93 75
54 10 294
54 22 160
54 58 179
54 61 278
54 63 146
54 83 221
54 88 38
54 90 48
54 93 286
55 2 265
55 8 87
55 12 60
55 25 31
55 40 164
55 47 291
55 57 78
55 59 286
55 86 47
55 99 250
56 13 110
56 14 166
56 23 143
56 27 249
56 31 228
56 45 281
56 67 213
56 78 188
57 4 89
57 8 110
57 18 202
57 32 264
57 44 143
57 45 53
57 47 84
57 55 78
57 64 214
57 70 200
57 72 159
57 91 91
57 94 282
57 96 242
58 15 166
58 29 238
58 32 192
58 52 38
58 54 179
58 67 169
58 73 287
58 84 152
58 98 50
58 99 106
59 1 198
59 28 224
59 30 272
59 42 233
59 44 47
59 55 286
59 92 47
59 94 77
60 15 118
60 16 74
60 31 191
60 41 44
60 80 66
60 97 138
61 2 135
61 18 161
61 22 98
61 28 215
61 46 117
61 54 278
61 65 172
61 67 154
61 78 79
61 85 174
61 87 274
61 89 46
61 92 182
61 98 285
62 7 240
62 19 283
62 36 60
62 46 127
62 53 150
62 64 123
62 74 193
62 87 260
63 4 222
63 46 32
63 53 277
63 54 146
63 66 245
63 75 279
63 95 186
64 6 59
64 20 215
64 22 221
64 27 71
64 48 72
64 53 280
64 57 214
64 62 123
64 71 104
64 74 64
64 81 184
64 86 159
65 6 95
65 27 237
65 31 39
65 33 261
65 50 122
65 53 217
65 61 172
65 68 285
65 80 60
65 83 162
65 87 168
66 8 283
66 9 134
66 13 293
66 14 68
66 29 91
66 36 228
66 63 245
66 79 127
66 83 152
66 84 81
66 95 297
67 7 60
67 8 184
67 35 115
67 38 170
67 39 242
67 56 213
67 58 169
67 61 154
67 80 144
67 85 278
67 90 182
68 13 133
68 37 61
68 40 140
68 48 276
68 50 222
68 65 285
68 88 109
68 90 225
68 91 250
68 99 46
69 4 190
69 12 89
69 35 298
69 71 158
69 74 159
69 75 145
70 4 35
70 20 163
70 34 67
70 39 264
70 57 200
70 74 207
70 86 217
71 1 119
71 39 37
71 48 238
71 64 104
71 69 158
71 74 138
71 81 200
71 98 96
72 13 166
72 17 130
72 28 260
72 57 159
72 83 82
72 95 178
72 96 66
72 97 174
73 12 189
73 23 296
73 29 241
73 41 98
73 51 93
73 58 287
73 89 175
73 99 209
74 16 87
74 28 197
74 62 193
74 64 64
74 69 159
74 70 207
74 71 138
74 84 132
74 90 254
74 92 300
75 42 33
75 63 279
75 69 145
75 81 130
75 86 297
75 88 214
76 18 67
76 26 40
76 82 154
76 91 287
76 98 180
77 5 45
78 12 93
78 40 212
78 56 188
78 61 79
78 84 148
78 91 76
79 1 72
79 27 264
79 28 244
79 31 294
79 66 127
79 80 165
79 90 220
79 95 151
80 34 251
80 60 66
80 65 60
80 67 144
80 79 165
80 93 74
80 99 85
81 1 293
81 13 151
81 29 71
81 47 267
81 50 53
81 64 184
81 71 200
81 75 130
81 84 272
82 4 120
82 6 181
82 8 272
82 9 232
82 14 140
82 30 125
82 32 119
82 33 54
82 48 188
82 52 37
82 76 154
82 86 275
82 88 178
82 90 92
82 93 300
83 1 62
83 5 32
83 6 259
83 54 221
83 65 162
83 66 152
83 72 82
84 3 215
84 7 87
84 11 253
84 15 239
84 31 90
84 39 290
84 47 179
84 58 152
84 66 81
84 74 132
84 78 148
84 81 272
84 96 35
85 16 124
85 18 221
85 19 110
85 33 172
85 41 272
85 51 162
85 61 174
85 67 278
86 6 219
86 19 289
86 32 67
86 49 159
86 53 171
86 55 47
86 64 159
86 70 217
86 75 297
86 82 275
87 7 148
87 10 220
87 15 94
87 20 286
87 26 228
87 36 290
87 48 140
87 61 274
87 62 260
87 65 168
87 92 217
88 29 252
88 30 96
88 33 104
88 54 38
88 68 109
88 75 214
88 82 178
89 14 290
89 38 72
89 45 224
89 51 191
89 61 46
89 73 175
89 92 230
90 26 253
90 33 91
90 41 76
90 53 180
90 54 48
90 67 182
90 68 225
90 74 254
90 79 220
90 82 92
90 96 105
91 3 264
91 17 43
91 21 187
91 25 197
91 28 72
91 38 190
91 44 189
91 46 68
91 47 43
91 57 91
91 68 250
91 76 287
91 78 76
91 92 65
91 99 280
92 2 235
92 3 277
92 6 189
92 18 292
92 19 216
92 46 262
92 47 174
92 59 47
92 61 182
92 74 300
92 87 217
92 89 230
92 91 65
93 9 100
93 14 82
93 15 143
93 23 52
93 30 184
93 45 184
93 50 239
93 53 75
93 54 286
93 80 74
93 82 300
93 98 203
93 99 260
94 3 72
94 6 125
94 10 119
94 31 245
94 37 243
94 57 282
94 59 77
94 98 118
95 1 235
95 15 250
95 17 167
95 22 45
95 25 102
95 34 87
95 36 72
95 48 61
95 49 229
95 50 226
95 63 186
95 66 297
95 72 178
95 79 151
95 97 37
95 98 279
96 19 184
96 31 129
96 57 242
96 72 66
96 84 35
96 90 105
97 1 82
97 10 290
97 11 262
97 42 143
97 43 289
97 60 138
97 72 174
97 95 37
97 99 143
98 7 293
98 15 296
98 16 212
98 25 115
98 39 254
98 48 139
98 58 50
98 61 285
98 71 96
98 76 180
98 93 203
98 94 118
98 95 279
98 99 275
24 t 175
40 t 123
55 t 250
58 t 106
68 t 46
73 t 209
80 t 85
91 t 280
93 t 260
97 t 143
98 t 275
