s 1 239
s 2 172
s 3 164
s 4 231
s 5 214
s 6 124
s 7 107
s 8 53
s 9 212
s 10 149
s 11 202
s 12 247
s 13 76
s 14 189
s 15 299
s 16 75
s 17 257
s 18 152
s 19 264
s 20 69
s 21 185
s 22 88
s 23 48
s 24 156
s 25 208
s 26 120
s 27 237
s 28 76
s 29 219
s 30 84
s 31 235
s 32 129
s 33 187
s 34 282
s 35 172
s 36 160
s 37 52
s 38 208
s 39 36
s 40 245
s 41 64
s 42 39
s 43 264
s 44 47
s 45 110
s 46 272
s 47 184
s 48 225
s 49 167
s 50 132
s 51 132
s 52 96
s 53 253
s 54 148
s 55 209
s 56 45
s 57 232
s 58 203
s 59 116
s 60 204
s 61 167
s 62 77
s 63 68
s 64 252
s 65 121
s 66 109
s 67 63
s 68 239
s 69 290
s 70 81
s 71 38
s 72 158
s 73 148
s 74 178
s 75 42
s 76 202
s 77 155
s 78 245
s 79 297
s 80 256
s 81 75
s 82 106
s 83 228
s 84 271
s 85 298
s 86 292
s 87 36
s 88 145
s 89 169
s 90 31
s 91 286
s 92 200
s 93 196
s 94 174
s 95 153
s 96 81
s 97 130
s 98 159
s 99 294
1 2 267
1 3 153
1 4 201
1 5 271
1 6 239
1 7 52
1 8 297
1 9 43
1 10 233
1 11 204
1 12 72
1 13 157
1 14 233
1 15 270
1 16 122
1 17 238
1 18 174
1 19 260
1 20 231
1 21 56
1 22 188
1 23 71
1 24 145
1 25 145
1 26 122
1 27 35
1 28 97
1 29 282
1 30 38
1 31 295
1 32 202
1 33 164
1 34 281
1 35 183
1 36 111
1 37 243
1 38 200
1 39 280
1 40 119
1 41 259
1 42 244
1 43 49
1 44 188
1 45 50
1 46 204
1 47 206
1 48 93
1 49 151
1 50 150
1 51 279
1 52 259
1 53 299
1 54 125
1 55 222
1 56 124
1 57 203
1 58 156
1 59 222
1 60 62
1 61 169
1 62 52
1 63 200
1 64 68
1 65 189
1 66 64
1 67 185
1 68 37
1 69 88
1 70 128
1 71 71
1 72 40
1 73 55
1 74 224
1 75 128
1 76 144
1 77 159
1 78 228
1 79 155
1 80 269
1 81 177
1 82 277
1 83 282
1 84 102
1 85 80
1 86 252
1 87 224
1 88 246
1 89 259
1 90 61
1 91 69
1 92 44
1 93 143
1 94 115
1 95 44
1 96 53
1 97 286
1 98 185
1 99 87
2 1 267
2 3 162
2 4 98
2 5 227
2 6 69
2 7 219
2 8 278
2 9 134
2 10 169
2 11 139
2 12 185
2 13 123
2 14 160
2 15 59
2 16 245
2 17 116
2 18 246
2 19 85
2 20 287
2 21 274
2 22 207
2 23 139
2 24 104
2 25 118
2 26 218
2 27 181
2 28 106
2 29 123
2 30 293
2 31 86
2 32 173
2 33 61
2 34 30
2 35 142
2 36 193
2 37 138
2 38 137
2 39 66
2 40 293
2 41 247
2 42 173
2 43 260
2 44 297
2 45 178
2 46 97
2 47 201
2 48 40
2 49 228
2 50 118
2 51 127
2 52 245
2 53 218
2 54 131
2 55 32
2 56 257
2 57 147
2 58 32
2 59 262
2 60 130
2 61 144
2 62 35
2 63 298
2 64 180
2 65 126
2 66 52
2 67 283
2 68 225
2 69 167
2 70 212
2 71 79
2 72 164
2 73 267
2 74 200
2 75 194
2 76 295
2 77 173
2 78 205
2 79 100
2 80 53
2 81 189
2 82 124
2 83 119
2 84 268
2 85 112
2 86 170
2 87 212
2 88 278
2 89 147
2 90 61
2 91 97
2 92 64
2 93 60
2 94 151
2 95 67
2 96 158
2 97 88
2 98 113
2 99 89
3 1 153
3 2 162
3 4 217
3 5 132
3 6 286
3 7 56
3 8 103
3 9 170
3 10 118
3 11 52
3 12 160
3 13 91
3 14 40
3 15 256
3 16 129
3 17 30
3 18 200
3 19 105
3 20 91
3 21 252
3 22 130
3 23 59
3 24 203
3 25 67
3 26 212
3 27 262
3 28 145
3 29 213
3 30 186
3 31 215
3 32 190
3 33 63
3 34 218
3 35 175
3 36 80
3 37 48
3 38 108
3 39 41
3 40 280
3 41 34
3 42 261
3 43 46
3 44 275
3 45 181
3 46 239
3 47 116
3 48 171
3 49 284
3 50 61
3 51 247
3 52 62
3 53 114
3 54 220
3 55 288
3 56 186
3 57 90
3 58 120
3 59 38
3 60 296
3 61 113
3 62 165
3 63 94
3 64 277
3 65 175
3 66 242
3 67 71
3 68 244
3 69 49
3 70 86
3 71 193
3 72 129
3 73 43
3 74 226
3 75 223
3 76 244
3 77 232
3 78 143
3 79 206
3 80 270
3 81 205
3 82 64
3 83 155
3 84 204
3 85 251
3 86 211
3 87 32
3 88 233
3 89 69
3 90 74
3 91 264
3 92 213
3 93 99
3 94 96
3 95 280
3 96 158
3 97 104
3 98 255
3 99 131
4 1 201
4 2 98
4 3 217
4 5 85
4 6 251
4 7 144
4 8 65
4 9 251
4 10 198
4 11 251
4 12 262
4 13 178
4 14 209
4 15 224
4 16 185
4 17 264
4 18 114
4 19 246
4 20 284
4 21 177
4 22 168
4 23 104
4 24 224
4 25 205
4 26 170
4 27 160
4 28 205
4 29 282
4 30 102
4 31 108
4 32 178
4 33 195
4 34 195
4 35 171
4 36 296
4 37 273
4 38 79
4 39 138
4 40 246
4 41 208
4 42 78
4 43 45
4 44 256
4 45 218
4 46 191
4 47 185
4 48 89
4 49 179
4 50 192
4 51 291
4 52 121
4 53 231
4 54 110
4 55 36
4 56 105
4 57 184
4 58 229
4 59 70
4 60 85
4 61 165
4 62 293
4 63 199
4 64 82
4 65 125
4 66 254
4 67 268
4 68 226
4 69 288
4 70 122
4 71 276
4 72 135
4 73 262
4 74 243
4 75 111
4 76 268
4 77 123
4 78 191
4 79 234
4 80 116
4 81 72
4 82 70
4 83 277
4 84 113
4 85 37
4 86 244
4 87 110
4 88 93
4 89 130
4 90 82
4 91 105
4 92 225
4 93 137
4 94 105
4 95 244
4 96 220
4 97 258
4 98 87
4 99 236
5 1 271
5 2 227
5 3 132
5 4 85
5 6 176
5 7 77
5 8 288
5 9 247
5 10 244
5 11 121
5 12 104
5 13 231
5 14 275
5 15 118
5 16 262
5 17 125
5 18 93
5 19 188
5 20 51
5 21 288
5 22 94
5 23 62
5 24 184
5 25 68
5 26 187
5 27 143
5 28 266
5 29 190
5 30 149
5 31 102
5 32 62
5 33 233
5 34 278
5 35 219
5 36 39
5 37 246
5 38 187
5 39 289
5 40 36
5 41 114
5 42 156
5 43 89
5 44 72
5 45 123
5 46 260
5 47 196
5 48 187
5 49 205
5 50 218
5 51 223
5 52 137
5 53 212
5 54 173
5 55 216
5 56 289
5 57 191
5 58 176
5 59 110
5 60 118
5 61 62
5 62 248
5 63 53
5 64 69
5 65 165
5 66 146
5 67 94
5 68 55
5 69 120
5 70 296
5 71 119
5 72 145
5 73 213
5 74 95
5 75 57
5 76 82
5 77 39
5 78 135
5 79 96
5 80 113
5 81 141
5 82 224
5 83 170
5 84 94
5 85 108
5 86 133
5 87 53
5 88 239
5 89 31
5 90 156
5 91 235
5 92 74
5 93 30
5 94 201
5 95 45
5 96 114
5 97 189
5 98 194
5 99 73
6 1 239
6 2 69
6 3 286
6 4 251
6 5 176
6 7 159
6 8 251
6 9 192
6 10 52
6 11 92
6 12 227
6 13 35
6 14 105
6 15 174
6 16 239
6 17 261
6 18 75
6 19 232
6 20 70
6 21 111
6 22 194
6 23 68
6 24 87
6 25 69
6 26 39
6 27 145
6 28 236
6 29 200
6 30 97
6 31 246
6 32 47
6 33 108
6 34 142
6 35 126
6 36 91
6 37 55
6 38 236
6 39 97
6 40 212
6 41 188
6 42 38
6 43 157
6 44 116
6 45 244
6 46 216
6 47 201
6 48 183
6 49 291
6 50 106
6 51 179
6 52 230
6 53 44
6 54 194
6 55 196
6 56 194
6 57 124
6 58 298
6 59 251
6 60 268
6 61 86
6 62 145
6 63 42
6 64 62
6 65 145
6 66 190
6 67 205
6 68 119
6 69 222
6 70 87
6 71 43
6 72 263
6 73 50
6 74 246
6 75 191
6 76 263
6 77 280
6 78 278
6 79 110
6 80 154
6 81 66
6 82 270
6 83 136
6 84 44
6 85 292
6 86 118
6 87 61
6 88 91
6 89 207
6 90 222
6 91 100
6 92 236
6 93 174
6 94 217
6 95 165
6 96 158
6 97 53
6 98 175
6 99 281
7 1 52
7 2 219
7 3 56
7 4 144
7 5 77
7 6 159
7 8 164
7 9 40
7 10 132
7 11 130
7 12 77
7 13 267
7 14 65
7 15 296
7 16 209
7 17 191
7 18 88
7 19 100
7 20 211
7 21 141
7 22 127
7 23 165
7 24 151
7 25 203
7 26 60
7 27 34
7 28 127
7 29 240
7 30 79
7 31 102
7 32 137
7 33 174
7 34 172
7 35 126
7 36 199
7 37 253
7 38 271
7 39 67
7 40 130
7 41 165
7 42 199
7 43 299
7 44 238
7 45 47
7 46 184
7 47 126
7 48 153
7 49 89
7 50 55
7 51 66
7 52 270
7 53 132
7 54 188
7 55 296
7 56 122
7 57 91
7 58 213
7 59 56
7 60 223
7 61 261
7 62 138
7 63 126
7 64 157
7 65 235
7 66 287
7 67 128
7 68 39
7 69 35
7 70 158
7 71 143
7 72 132
7 73 235
7 74 168
7 75 32
7 76 241
7 77 200
7 78 98
7 79 220
7 80 270
7 81 153
7 82 135
7 83 171
7 84 289
7 85 239
7 86 160
7 87 84
7 88 208
7 89 96
7 90 187
7 91 168
7 92 88
7 93 163
7 94 244
7 95 123
7 96 112
7 97 268
7 98 223
7 99 220
8 1 297
8 2 278
8 3 103
8 4 65
8 5 288
8 6 251
8 7 164
8 9 298
8 10 46
8 11 272
8 12 58
8 13 174
8 14 90
8 15 110
8 16 121
8 17 139
8 18 266
8 19 118
8 20 49
8 21 230
8 22 287
8 23 210
8 24 171
8 25 157
8 26 145
8 27 95
8 28 50
8 29 238
8 30 121
8 31 169
8 32 185
8 33 189
8 34 275
8 35 126
8 36 199
8 37 240
8 38 236
8 39 153
8 40 230
8 41 100
8 42 122
8 43 116
8 44 299
8 45 34
8 46 197
8 47 151
8 48 292
8 49 50
8 50 293
8 51 234
8 52 226
8 53 229
8 54 113
8 55 235
8 56 92
8 57 218
8 58 49
8 59 147
8 60 81
8 61 223
8 62 119
8 63 72
8 64 236
8 65 184
8 66 272
8 67 169
8 68 210
8 69 247
8 70 173
8 71 224
8 72 159
8 73 32
8 74 91
8 75 148
8 76 229
8 77 188
8 78 272
8 79 127
8 80 212
8 81 300
8 82 201
8 83 57
8 84 71
8 85 34
8 86 241
8 87 147
8 88 115
8 89 266
8 90 233
8 91 112
8 92 204
8 93 210
8 94 165
8 95 109
8 96 298
8 97 267
8 98 224
8 99 252
9 1 43
9 2 134
9 3 170
9 4 251
9 5 247
9 6 192
9 7 40
9 8 298
9 10 110
9 11 196
9 12 248
9 13 49
9 14 296
9 15 177
9 16 234
9 17 226
9 18 65
9 19 44
9 20 124
9 21 178
9 22 243
9 23 68
9 24 97
9 25 181
9 26 298
9 27 222
9 28 131
9 29 58
9 30 145
9 31 179
9 32 124
9 33 296
9 34 224
9 35 93
9 36 200
9 37 252
9 38 299
9 39 90
9 40 166
9 41 270
9 42 267
9 43 123
9 44 235
9 45 276
9 46 151
9 47 111
9 48 204
9 49 254
9 50 295
9 51 65
9 52 134
9 53 235
9 54 154
9 55 64
9 56 213
9 57 53
9 58 51
9 59 119
9 60 238
9 61 110
9 62 296
9 63 206
9 64 85
9 65 107
9 66 50
9 67 215
9 68 92
9 69 38
9 70 126
9 71 264
9 72 218
9 73 252
9 74 293
9 75 203
9 76 158
9 77 65
9 78 263
9 79 177
9 80 142
9 81 172
9 82 84
9 83 159
9 84 204
9 85 82
9 86 86
9 87 217
9 88 123
9 89 77
9 90 37
9 91 143
9 92 250
9 93 203
9 94 159
9 95 217
9 96 228
9 97 149
9 98 265
9 99 190
10 1 233
10 2 169
10 3 118
10 4 198
10 5 244
10 6 52
10 7 132
10 8 46
10 9 110
10 11 255
10 12 74
10 13 156
10 14 228
10 15 133
10 16 247
10 17 177
10 18 248
10 19 46
10 20 231
10 21 127
10 22 224
10 23 51
10 24 215
10 25 171
10 26 213
10 27 196
10 28 89
10 29 256
10 30 84
10 31 282
10 32 165
10 33 246
10 34 252
10 35 71
10 36 74
10 37 175
10 38 101
10 39 37
10 40 169
10 41 93
10 42 202
10 43 67
10 44 255
10 45 233
10 46 46
10 47 46
10 48 120
10 49 300
10 50 94
10 51 86
10 52 56
10 53 219
10 54 154
10 55 298
10 56 281
10 57 148
10 58 57
10 59 191
10 60 237
10 61 34
10 62 288
10 63 113
10 64 129
10 65 89
10 66 61
10 67 155
10 68 171
10 69 97
10 70 137
10 71 82
10 72 177
10 73 138
10 74 191
10 75 146
10 76 260
10 77 235
10 78 252
10 79 130
10 80 141
10 81 44
10 82 50
10 83 204
10 84 298
10 85 182
10 86 270
10 87 80
10 88 255
10 89 276
10 90 103
10 91 44
10 92 75
10 93 105
10 94 183
10 95 122
10 96 187
10 97 60
10 98 155
10 99 291
11 1 204
11 2 139
11 3 52
11 4 251
11 5 121
11 6 92
11 7 130
11 8 272
11 9 196
11 10 255
11 12 260
11 13 57
11 14 258
11 15 101
11 16 265
11 17 195
11 18 195
11 19 199
11 20 191
11 21 240
11 22 208
11 23 93
11 24 228
11 25 171
11 26 192
11 27 97
11 28 66
11 29 121
11 30 103
11 31 55
11 32 226
11 33 268
11 34 206
11 35 145
11 36 257
11 37 42
11 38 138
11 39 257
11 40 284
11 41 266
11 42 120
11 43 293
11 44 178
11 45 197
11 46 54
11 47 246
11 48 248
11 49 271
11 50 253
11 51 230
11 52 160
11 53 255
11 54 85
11 55 177
11 56 192
11 57 286
11 58 282
11 59 292
11 60 279
11 61 237
11 62 40
11 63 200
11 64 253
11 65 253
11 66 167
11 67 241
11 68 123
11 69 294
11 70 189
11 71 199
11 72 173
11 73 299
11 74 148
11 75 68
11 76 201
11 77 60
11 78 121
11 79 169
11 80 52
11 81 174
11 82 282
11 83 202
11 84 269
11 85 277
11 86 248
11 87 221
11 88 219
11 89 236
11 90 117
11 91 227
11 92 288
11 93 255
11 94 295
11 95 252
11 96 287
11 97 73
11 98 116
11 99 298
12 1 72
12 2 185
12 3 160
12 4 262
12 5 104
12 6 227
12 7 77
12 8 58
12 9 248
12 10 74
12 11 260
12 13 185
12 14 289
12 15 121
12 16 235
12 17 290
12 18 119
12 19 37
12 20 139
12 21 80
12 22 213
12 23 173
12 24 164
12 25 221
12 26 249
12 27 97
12 28 216
12 29 101
12 30 74
12 31 231
12 32 268
12 33 50
12 34 152
12 35 273
12 36 178
12 37 107
12 38 218
12 39 66
12 40 216
12 41 217
12 42 204
12 43 94
12 44 91
12 45 52
12 46 221
12 47 51
12 48 98
12 49 148
12 50 179
12 51 34
12 52 255
12 53 195
12 54 289
12 55 293
12 56 223
12 57 257
12 58 264
12 59 203
12 60 33
12 61 235
12 62 90
12 63 237
12 64 111
12 65 145
12 66 55
12 67 276
12 68 292
12 69 53
12 70 259
12 71 293
12 72 114
12 73 270
12 74 176
12 75 191
12 76 125
12 77 140
12 78 62
12 79 34
12 80 199
12 81 79
12 82 199
12 83 105
12 84 299
12 85 117
12 86 236
12 87 213
12 88 281
12 89 294
12 90 73
12 91 203
12 92 30
12 93 93
12 94 147
12 95 300
12 96 81
12 97 237
12 98 190
12 99 109
13 1 157
13 2 123
13 3 91
13 4 178
13 5 231
13 6 35
13 7 267
13 8 174
13 9 49
13 10 156
13 11 57
13 12 185
13 14 57
13 15 185
13 16 253
13 17 150
13 18 178
13 19 267
13 20 254
13 21 222
13 22 49
13 23 160
13 24 111
13 25 90
13 26 67
13 27 131
13 28 74
13 29 199
13 30 148
13 31 110
13 32 242
13 33 300
13 34 33
13 35 252
13 36 213
13 37 36
13 38 235
13 39 42
13 40 236
13 41 289
13 42 128
13 43 189
13 44 179
13 45 38
13 46 142
13 47 144
13 48 228
13 49 68
13 50 179
13 51 173
13 52 112
13 53 262
13 54 69
13 55 104
13 56 197
13 57 99
13 58 131
13 59 35
13 60 168
13 61 300
13 62 93
13 63 259
13 64 173
13 65 196
13 66 263
13 67 220
13 68 46
13 69 279
13 70 63
13 71 170
13 72 90
13 73 294
13 74 34
13 75 201
13 76 48
13 77 243
13 78 135
13 79 37
13 80 293
13 81 112
13 82 175
13 83 289
13 84 126
13 85 115
13 86 187
13 87 57
13 88 70
13 89 50
13 90 77
13 91 272
13 92 227
13 93 231
13 94 49
13 95 121
13 96 271
13 97 70
13 98 60
13 99 287
14 1 233
14 2 160
14 3 40
14 4 209
14 5 275
14 6 105
14 7 65
14 8 90
14 9 296
14 10 228
14 11 258
14 12 289
14 13 57
14 15 295
14 16 32
14 17 51
14 18 192
14 19 278
14 20 270
14 21 244
14 22 98
14 23 218
14 24 270
14 25 219
14 26 91
14 27 173
14 28 104
14 29 240
14 30 38
14 31 291
14 32 42
14 33 162
14 34 261
14 35 217
14 36 58
14 37 215
14 38 31
14 39 128
14 40 210
14 41 204
14 42 286
14 43 78
14 44 167
14 45 232
14 46 170
14 47 45
14 48 63
14 49 289
14 50 127
14 51 205
14 52 188
14 53 175
14 54 234
14 55 186
14 56 72
14 57 263
14 58 116
14 59 266
14 60 152
14 61 130
14 62 94
14 63 194
14 64 89
14 65 111
14 66 35
14 67 110
14 68 197
14 69 160
14 70 201
14 71 42
14 72 196
14 73 203
14 74 233
14 75 38
14 76 113
14 77 114
14 78 163
14 79 208
14 80 49
14 81 267
14 82 190
14 83 76
14 84 190
14 85 130
14 86 179
14 87 288
14 88 296
14 89 84
14 90 109
14 91 280
14 92 146
14 93 62
14 94 72
14 95 254
14 96 39
14 97 133
14 98 147
14 99 31
15 1 270
15 2 59
15 3 256
15 4 224
15 5 118
15 6 174
15 7 296
15 8 110
15 9 177
15 10 133
15 11 101
15 12 121
15 13 185
15 14 295
15 16 280
15 17 153
15 18 206
15 19 53
15 20 136
15 21 117
15 22 291
15 23 187
15 24 38
15 25 225
15 26 36
15 27 41
15 28 115
15 29 214
15 30 116
15 31 115
15 32 183
15 33 138
15 34 190
15 35 56
15 36 235
15 37 198
15 38 266
15 39 45
15 40 200
15 41 284
15 42 248
15 43 235
15 44 147
15 45 267
15 46 103
15 47 67
15 48 61
15 49 265
15 50 190
15 51 130
15 52 64
15 53 180
15 54 219
15 55 167
15 56 273
15 57 52
15 58 67
15 59 289
15 60 210
15 61 74
15 62 186
15 63 65
15 64 123
15 65 204
15 66 200
15 67 256
15 68 51
15 69 209
15 70 101
15 71 223
15 72 299
15 73 79
15 74 263
15 75 250
15 76 149
15 77 34
15 78 87
15 79 166
15 80 53
15 81 149
15 82 282
15 83 287
15 84 191
15 85 79
15 86 113
15 87 65
15 88 88
15 89 244
15 90 250
15 91 116
15 92 133
15 93 98
15 94 194
15 95 195
15 96 30
15 97 289
15 98 194
15 99 151
16 1 122
16 2 245
16 3 129
16 4 185
16 5 262
16 6 239
16 7 209
16 8 121
16 9 234
16 10 247
16 11 265
16 12 235
16 13 253
16 14 32
16 15 280
16 17 173
16 18 142
16 19 288
16 20 144
16 21 271
16 22 84
16 23 296
16 24 293
16 25 242
16 26 241
16 27 69
16 28 42
16 29 65
16 30 209
16 31 189
16 32 108
16 33 71
16 34 79
16 35 241
16 36 287
16 37 209
16 38 260
16 39 77
16 40 229
16 41 236
16 42 133
16 43 298
16 44 212
16 45 294
16 46 168
16 47 146
16 48 60
16 49 83
16 50 148
16 51 135
16 52 157
16 53 271
16 54 223
16 55 188
16 56 131
16 57 93
16 58 217
16 59 114
16 60 239
16 61 117
16 62 239
16 63 58
16 64 201
16 65 201
16 66 174
16 67 104
16 68 173
16 69 300
16 70 214
16 71 217
16 72 132
16 73 164
16 74 230
16 75 193
16 76 76
16 77 261
16 78 215
16 79 46
16 80 268
16 81 144
16 82 152
16 83 261
16 84 246
16 85 174
16 86 173
16 87 65
16 88 288
16 89 205
16 90 110
16 91 288
16 92 110
16 93 198
16 94 167
16 95 289
16 96 121
16 97 159
16 98 242
16 99 36
17 1 238
17 2 116
17 3 30
17 4 264
17 5 125
17 6 261
17 7 191
17 8 139
17 9 226
17 10 177
17 11 195
17 12 290
17 13 150
17 14 51
17 15 153
17 16 173
17 18 234
17 19 288
17 20 176
17 21 220
17 22 177
17 23 108
17 24 155
17 25 268
17 26 209
17 27 244
17 28 285
17 29 97
17 30 31
17 31 116
17 32 30
17 33 223
17 34 269
17 35 131
17 36 260
17 37 107
17 38 110
17 39 114
17 40 125
17 41 253
17 42 224
17 43 178
17 44 170
17 45 148
17 46 65
17 47 277
17 48 264
17 49 144
17 50 112
17 51 36
17 52 193
17 53 61
17 54 90
17 55 215
17 56 184
17 57 225
17 58 262
17 59 292
17 60 129
17 61 90
17 62 65
17 63 100
17 64 94
17 65 64
17 66 240
17 67 122
17 68 150
17 69 179
17 70 124
17 71 241
17 72 300
17 73 174
17 74 270
17 75 219
17 76 64
17 77 163
17 78 131
17 79 269
17 80 146
17 81 239
17 82 271
17 83 179
17 84 193
17 85 154
17 86 58
17 87 129
17 88 36
17 89 232
17 90 48
17 91 256
17 92 93
17 93 117
17 94 164
17 95 207
17 96 110
17 97 109
17 98 270
17 99 145
18 1 174
18 2 246
18 3 200
18 4 114
18 5 93
18 6 75
18 7 88
18 8 266
18 9 65
18 10 248
18 11 195
18 12 119
18 13 178
18 14 192
18 15 206
18 16 142
18 17 234
18 19 196
18 20 134
18 21 123
18 22 68
18 23 300
18 24 53
18 25 132
18 26 215
18 27 77
18 28 290
18 29 150
18 30 131
18 31 272
18 32 114
18 33 256
18 34 239
18 35 251
18 36 238
18 37 101
18 38 37
18 39 183
18 40 87
18 41 294
18 42 205
18 43 36
18 44 107
18 45 204
18 46 65
18 47 130
18 48 248
18 49 135
18 50 33
18 51 194
18 52 120
18 53 240
18 54 79
18 55 43
18 56 145
18 57 52
18 58 55
18 59 84
18 60 158
18 61 240
18 62 123
18 63 107
18 64 250
18 65 230
18 66 125
18 67 140
18 68 162
18 69 123
18 70 193
18 71 208
18 72 120
18 73 52
18 74 220
18 75 180
18 76 153
18 77 105
18 78 105
18 79 264
18 80 36
18 81 170
18 82 48
18 83 65
18 84 158
18 85 85
18 86 62
18 87 74
18 88 209
18 89 291
18 90 149
18 91 58
18 92 245
18 93 203
18 94 209
18 95 138
18 96 265
18 97 83
18 98 74
18 99 185
19 1 260
19 2 85
19 3 105
19 4 246
19 5 188
19 6 232
19 7 100
19 8 118
19 9 44
19 10 46
19 11 199
19 12 37
19 13 267
19 14 278
19 15 53
19 16 288
19 17 288
19 18 196
19 20 263
19 21 87
19 22 179
19 23 114
19 24 98
19 25 214
19 26 299
19 27 240
19 28 204
19 29 271
19 30 127
19 31 192
19 32 40
19 33 168
19 34 279
19 35 90
19 36 171
19 37 266
19 38 81
19 39 188
19 40 227
19 41 107
19 42 67
19 43 46
19 44 182
19 45 212
19 46 157
19 47 46
19 48 187
19 49 247
19 50 114
19 51 115
19 52 171
19 53 255
19 54 33
19 55 220
19 56 35
19 57 250
19 58 89
19 59 131
19 60 73
19 61 88
19 62 73
19 63 40
19 64 247
19 65 59
19 66 197
19 67 161
19 68 263
19 69 111
19 70 253
19 71 233
19 72 82
19 73 196
19 74 43
19 75 117
19 76 138
19 77 293
19 78 204
19 79 215
19 80 230
19 81 239
19 82 47
19 83 141
19 84 121
19 85 119
19 86 91
19 87 270
19 88 59
19 89 98
19 90 286
19 91 149
19 92 180
19 93 282
19 94 293
19 95 182
19 96 111
19 97 298
19 98 188
19 99 179
20 1 231
20 2 287
20 3 91
20 4 284
20 5 51
20 6 70
20 7 211
20 8 49
20 9 124
20 10 231
20 11 191
20 12 139
20 13 254
20 14 270
20 15 136
20 16 144
20 17 176
20 18 134
20 19 263
20 21 246
20 22 293
20 23 246
20 24 199
20 25 231
20 26 93
20 27 112
20 28 116
20 29 242
20 30 212
20 31 171
20 32 264
20 33 242
20 34 274
20 35 185
20 36 256
20 37 297
20 38 90
20 39 32
20 40 93
20 41 287
20 42 207
20 43 141
20 44 151
20 45 64
20 46 144
20 47 68
20 48 180
20 49 32
20 50 172
20 51 236
20 52 179
20 53 100
20 54 186
20 55 256
20 56 132
20 57 54
20 58 81
20 59 88
20 60 222
20 61 241
20 62 111
20 63 69
20 64 223
20 65 199
20 66 91
20 67 260
20 68 260
20 69 175
20 70 102
20 71 79
20 72 83
20 73 188
20 74 289
20 75 268
20 76 84
20 77 262
20 78 76
20 79 224
20 80 252
20 81 85
20 82 246
20 83 277
20 84 54
20 85 138
20 86 81
20 87 104
20 88 83
20 89 44
20 90 284
20 91 256
20 92 35
20 93 127
20 94 182
20 95 193
20 96 275
20 97 63
20 98 265
20 99 296
21 1 56
21 2 274
21 3 252
21 4 177
21 5 288
21 6 111
21 7 141
21 8 230
21 9 178
21 10 127
21 11 240
21 12 80
21 13 222
21 14 244
21 15 117
21 16 271
21 17 220
21 18 123
21 19 87
21 20 246
21 22 66
21 23 118
21 24 31
21 25 225
21 26 145
21 27 160
21 28 228
21 29 40
21 30 79
21 31 143
21 32 140
21 33 223
21 34 209
21 35 229
21 36 44
21 37 122
21 38 62
21 39 245
21 40 292
21 41 46
21 42 50
21 43 292
21 44 75
21 45 280
21 46 214
21 47 161
21 48 186
21 49 60
21 50 82
21 51 108
21 52 76
21 53 178
21 54 101
21 55 126
21 56 45
21 57 96
21 58 100
21 59 225
21 60 214
21 61 47
21 62 213
21 63 110
21 64 299
21 65 54
21 66 122
21 67 49
21 68 83
21 69 106
21 70 229
21 71 104
21 72 296
21 73 178
21 74 179
21 75 44
21 76 34
21 77 199
21 78 33
21 79 263
21 80 78
21 81 128
21 82 159
21 83 111
21 84 72
21 85 149
21 86 257
21 87 218
21 88 75
21 89 254
21 90 84
21 91 45
21 92 114
21 93 139
21 94 139
21 95 293
21 96 186
21 97 72
21 98 60
21 99 164
22 1 188
22 2 207
22 3 130
22 4 168
22 5 94
22 6 194
22 7 127
22 8 287
22 9 243
22 10 224
22 11 208
22 12 213
22 13 49
22 14 98
22 15 291
22 16 84
22 17 177
22 18 68
22 19 179
22 20 293
22 21 66
22 23 115
22 24 269
22 25 245
22 26 277
22 27 62
22 28 214
22 29 181
22 30 184
22 31 167
22 32 275
22 33 245
22 34 70
22 35 111
22 36 299
22 37 179
22 38 140
22 39 55
22 40 255
22 41 78
22 42 182
22 43 88
22 44 94
22 45 245
22 46 53
22 47 279
22 48 175
22 49 75
22 50 156
22 51 127
22 52 269
22 53 291
22 54 239
22 55 289
22 56 155
22 57 213
22 58 251
22 59 179
22 60 298
22 61 188
22 62 98
22 63 235
22 64 299
22 65 45
22 66 239
22 67 176
22 68 115
22 69 66
22 70 97
22 71 161
22 72 109
22 73 198
22 74 270
22 75 159
22 76 218
22 77 57
22 78 200
22 79 244
22 80 98
22 81 94
22 82 186
22 83 257
22 84 151
22 85 85
22 86 192
22 87 64
22 88 206
22 89 124
22 90 263
22 91 62
22 92 199
22 93 130
22 94 208
22 95 263
22 96 171
22 97 107
22 98 100
22 99 127
23 1 71
23 2 139
23 3 59
23 4 104
23 5 62
23 6 68
23 7 165
23 8 210
23 9 68
23 10 51
23 11 93
23 12 173
23 13 160
23 14 218
23 15 187
23 16 296
23 17 108
23 18 300
23 19 114
23 20 246
23 21 118
23 22 115
23 24 289
23 25 297
23 26 78
23 27 264
23 28 72
23 29 37
23 30 162
23 31 265
23 32 90
23 33 178
23 34 99
23 35 76
23 36 277
23 37 201
23 38 253
23 39 79
23 40 48
23 41 207
23 42 47
23 43 157
23 44 152
23 45 46
23 46 187
23 47 75
23 48 202
23 49 112
23 50 232
23 51 70
23 52 63
23 53 149
23 54 30
23 55 83
23 56 294
23 57 61
23 58 87
23 59 63
23 60 278
23 61 113
23 62 89
23 63 117
23 64 137
23 65 33
23 66 67
23 67 133
23 68 91
23 69 43
23 70 245
23 71 181
23 72 243
23 73 114
23 74 94
23 75 200
23 76 60
23 77 185
23 78 285
23 79 214
23 80 54
23 81 257
23 82 166
23 83 146
23 84 126
23 85 126
23 86 227
23 87 198
23 88 143
23 89 58
23 90 56
23 91 36
23 92 50
23 93 82
23 94 111
23 95 118
23 96 268
23 97 281
23 98 146
23 99 297
24 1 145
24 2 104
24 3 203
24 4 224
24 5 184
24 6 87
24 7 151
24 8 171
24 9 97
24 10 215
24 11 228
24 12 164
24 13 111
24 14 270
24 15 38
24 16 293
24 17 155
24 18 53
24 19 98
24 20 199
24 21 31
24 22 269
24 23 289
24 25 136
24 26 215
24 27 237
24 28 162
24 29 278
24 30 274
24 31 212
24 32 275
24 33 83
24 34 300
24 35 297
24 36 143
24 37 246
24 38 204
24 39 60
24 40 215
24 41 248
24 42 255
24 43 137
24 44 162
24 45 156
24 46 179
24 47 95
24 48 157
24 49 210
24 50 263
24 51 105
24 52 175
24 53 102
24 54 241
24 55 38
24 56 118
24 57 246
24 58 77
24 59 141
24 60 83
24 61 86
24 62 137
24 63 110
24 64 249
24 65 63
24 66 268
24 67 142
24 68 190
24 69 68
24 70 287
24 71 271
24 72 83
24 73 154
24 74 282
24 75 253
24 76 94
24 77 249
24 78 164
24 79 271
24 80 284
24 81 62
24 82 224
24 83 70
24 84 256
24 85 225
24 86 82
24 87 208
24 88 163
24 89 94
24 90 69
24 91 264
24 92 123
24 93 163
24 94 93
24 95 184
24 96 136
24 97 154
24 98 133
24 99 75
25 1 145
25 2 118
25 3 67
25 4 205
25 5 68
25 6 69
25 7 203
25 8 157
25 9 181
25 10 171
25 11 171
25 12 221
25 13 90
25 14 219
25 15 225
25 16 242
25 17 268
25 18 132
25 19 214
25 20 231
25 21 225
25 22 245
25 23 297
25 24 136
25 26 79
25 27 268
25 28 150
25 29 187
25 30 138
25 31 189
25 32 239
25 33 194
25 34 265
25 35 49
25 36 211
25 37 55
25 38 244
25 39 224
25 40 36
25 41 153
25 42 157
25 43 55
25 44 218
25 45 129
25 46 231
25 47 110
25 48 189
25 49 218
25 50 206
25 51 295
25 52 217
25 53 158
25 54 269
25 55 79
25 56 194
25 57 151
25 58 158
25 59 216
25 60 205
25 61 215
25 62 174
25 63 196
25 64 55
25 65 215
25 66 110
25 67 209
25 68 118
25 69 131
25 70 65
25 71 107
25 72 267
25 73 220
25 74 248
25 75 181
25 76 38
25 77 174
25 78 113
25 79 113
25 80 107
25 81 203
25 82 287
25 83 206
25 84 104
25 85 63
25 86 139
25 87 65
25 88 155
25 89 197
25 90 41
25 91 219
25 92 280
25 93 141
25 94 237
25 95 270
25 96 288
25 97 173
25 98 110
25 99 84
26 1 122
26 2 218
26 3 212
26 4 170
26 5 187
26 6 39
26 7 60
26 8 145
26 9 298
26 10 213
26 11 192
26 12 249
26 13 67
26 14 91
26 15 36
26 16 241
26 17 209
26 18 215
26 19 299
26 20 93
26 21 145
26 22 277
26 23 78
26 24 215
26 25 79
26 27 91
26 28 189
26 29 230
26 30 96
26 31 89
26 32 107
26 33 245
26 34 230
26 35 126
26 36 129
26 37 247
26 38 271
26 39 86
26 40 270
26 41 139
26 42 188
26 43 176
26 44 266
26 45 212
26 46 256
26 47 216
26 48 124
26 49 75
26 50 203
26 51 287
26 52 294
26 53 275
26 54 133
26 55 248
26 56 252
26 57 235
26 58 62
26 59 131
26 60 260
26 61 296
26 62 41
26 63 123
26 64 224
26 65 71
26 66 250
26 67 297
26 68 202
26 69 279
26 70 248
26 71 121
26 72 34
26 73 145
26 74 53
26 75 212
26 76 230
26 77 141
26 78 40
26 79 85
26 80 85
26 81 214
26 82 209
26 83 60
26 84 35
26 85 242
26 86 58
26 87 205
26 88 234
26 89 218
26 90 31
26 91 108
26 92 264
26 93 180
26 94 283
26 95 217
26 96 238
26 97 172
26 98 202
26 99 158
27 1 35
27 2 181
27 3 262
27 4 160
27 5 143
27 6 145
27 7 34
27 8 95
27 9 222
27 10 196
27 11 97
27 12 97
27 13 131
27 14 173
27 15 41
27 16 69
27 17 244
27 18 77
27 19 240
27 20 112
27 21 160
27 22 62
27 23 264
27 24 237
27 25 268
27 26 91
27 28 279
27 29 188
27 30 91
27 31 56
27 32 69
27 33 116
27 34 255
27 35 179
27 36 124
27 37 119
27 38 245
27 39 160
27 40 96
27 41 259
27 42 279
27 43 280
27 44 85
27 45 84
27 46 288
27 47 55
27 48 147
27 49 152
27 50 239
27 51 50
27 52 129
27 53 120
27 54 58
27 55 40
27 56 64
27 57 248
27 58 231
27 59 249
27 60 273
27 61 281
27 62 102
27 63 259
27 64 42
27 65 212
27 66 234
27 67 182
27 68 85
27 69 221
27 70 46
27 71 168
27 72 156
27 73 185
27 74 77
27 75 293
27 76 290
27 77 189
27 78 48
27 79 211
27 80 205
27 81 256
27 82 298
27 83 30
27 84 135
27 85 40
27 86 82
27 87 91
27 88 33
27 89 253
27 90 213
27 91 144
27 92 232
27 93 285
27 94 171
27 95 149
27 96 148
27 97 187
27 98 248
27 99 267
28 1 97
28 2 106
28 3 145
28 4 205
28 5 266
28 6 236
28 7 127
28 8 50
28 9 131
28 10 89
28 11 66
28 12 216
28 13 74
28 14 104
28 15 115
28 16 42
28 17 285
28 18 290
28 19 204
28 20 116
28 21 228
28 22 214
28 23 72
28 24 162
28 25 150
28 26 189
28 27 279
28 29 287
28 30 99
28 31 80
28 32 105
28 33 164
28 34 265
28 35 166
28 36 152
28 37 233
28 38 84
28 39 42
28 40 249
28 41 115
28 42 78
28 43 199
28 44 217
28 45 110
28 46 90
28 47 122
28 48 36
28 49 163
28 50 206
28 51 232
28 52 283
28 53 109
28 54 108
28 55 173
28 56 151
28 57 67
28 58 238
28 59 297
28 60 30
28 61 121
28 62 273
28 63 98
28 64 175
28 65 239
28 66 222
28 67 87
28 68 214
28 69 153
28 70 254
28 71 30
28 72 259
28 73 145
28 74 113
28 75 236
28 76 190
28 77 96
28 78 294
28 79 228
28 80 207
28 81 297
28 82 92
28 83 162
28 84 296
28 85 180
28 86 198
28 87 250
28 88 48
28 89 102
28 90 108
28 91 174
28 92 278
28 93 94
28 94 271
28 95 36
28 96 200
28 97 88
28 98 165
28 99 257
29 1 282
29 2 123
29 3 213
29 4 282
29 5 190
29 6 200
29 7 240
29 8 238
29 9 58
29 10 256
29 11 121
29 12 101
29 13 199
29 14 240
29 15 214
29 16 65
29 17 97
29 18 150
29 19 271
29 20 242
29 21 40
29 22 181
29 23 37
29 24 278
29 25 187
29 26 230
29 27 188
29 28 287
29 30 255
29 31 223
29 32 154
29 33 295
29 34 76
29 35 84
29 36 262
29 37 290
29 38 84
29 39 289
29 40 64
29 41 66
29 42 215
29 43 167
29 44 163
29 45 272
29 46 96
29 47 284
29 48 116
29 49 57
29 50 195
29 51 56
29 52 116
29 53 131
29 54 161
29 55 207
29 56 273
29 57 193
29 58 177
29 59 264
29 60 209
29 61 164
29 62 59
29 63 140
29 64 89
29 65 280
29 66 89
29 67 83
29 68 50
29 69 60
29 70 202
29 71 219
29 72 189
29 73 30
29 74 225
29 75 80
29 76 84
29 77 258
29 78 230
29 79 208
29 80 115
29 81 299
29 82 83
29 83 146
29 84 239
29 85 103
29 86 290
29 87 261
29 88 52
29 89 59
29 90 76
29 91 198
29 92 74
29 93 208
29 94 113
29 95 228
29 96 89
29 97 178
29 98 77
29 99 55
30 1 38
30 2 293
30 3 186
30 4 102
30 5 149
30 6 97
30 7 79
30 8 121
30 9 145
30 10 84
30 11 103
30 12 74
30 13 148
30 14 38
30 15 116
30 16 209
30 17 31
30 18 131
30 19 127
30 20 212
30 21 79
30 22 184
30 23 162
30 24 274
30 25 138
30 26 96
30 27 91
30 28 99
30 29 255
30 31 131
30 32 269
30 33 264
30 34 195
30 35 105
30 36 66
30 37 168
30 38 139
30 39 193
30 40 76
30 41 204
30 42 290
30 43 178
30 44 184
30 45 172
30 46 67
30 47 219
30 48 168
30 49 263
30 50 76
30 51 48
30 52 117
30 53 81
30 54 262
30 55 199
30 56 255
30 57 285
30 58 74
30 59 202
30 60 233
30 61 156
30 62 116
30 63 216
30 64 85
30 65 109
30 66 234
30 67 58
30 68 72
30 69 255
30 70 75
30 71 75
30 72 239
30 73 79
30 74 190
30 75 158
30 76 206
30 77 224
30 78 286
30 79 287
30 80 284
30 81 61
30 82 247
30 83 142
30 84 258
30 85 136
30 86 86
30 87 240
30 88 125
30 89 225
30 90 283
30 91 174
30 92 39
30 93 80
30 94 33
30 95 74
30 96 41
30 97 60
30 98 123
30 99 200
31 1 295
31 2 86
31 3 215
31 4 108
31 5 102
31 6 246
31 7 102
31 8 169
31 9 179
31 10 282
31 11 55
31 12 231
31 13 110
31 14 291
31 15 115
31 16 189
31 17 116
31 18 272
31 19 192
31 20 171
31 21 143
31 22 167
31 23 265
31 24 212
31 25 189
31 26 89
31 27 56
31 28 80
31 29 223
31 30 131
31 32 41
31 33 111
31 34 37
31 35 48
31 36 120
31 37 176
31 38 278
31 39 35
31 40 31
31 41 108
31 42 70
31 43 87
31 44 198
31 45 178
31 46 202
31 47 151
31 48 158
31 49 37
31 50 208
31 51 42
31 52 174
31 53 114
31 54 166
31 55 46
31 56 183
31 57 42
31 58 74
31 59 239
31 60 165
31 61 193
31 62 181
31 63 96
31 64 113
31 65 211
31 66 294
31 67 232
31 68 263
31 69 118
31 70 216
31 71 171
31 72 248
31 73 181
31 74 270
31 75 260
31 76 227
31 77 66
31 78 262
31 79 175
31 80 297
31 81 231
31 82 294
31 83 209
31 84 275
31 85 269
31 86 62
31 87 208
31 88 92
31 89 165
31 90 255
31 91 200
31 92 267
31 93 239
31 94 149
31 95 250
31 96 287
31 97 248
31 98 187
31 99 82
32 1 202
32 2 173
32 3 190
32 4 178
32 5 62
32 6 47
32 7 137
32 8 185
32 9 124
32 10 165
32 11 226
32 12 268
32 13 242
32 14 42
32 15 183
32 16 108
32 17 30
32 18 114
32 19 40
32 20 264
32 21 140
32 22 275
32 23 90
32 24 275
32 25 239
32 26 107
32 27 69
32 28 105
32 29 154
32 30 269
32 31 41
32 33 116
32 34 160
32 35 229
32 36 133
32 37 285
32 38 158
32 39 154
32 40 226
32 41 54
32 42 207
32 43 66
32 44 263
32 45 235
32 46 87
32 47 31
32 48 150
32 49 296
32 50 212
32 51 172
32 52 222
32 53 237
32 54 164
32 55 87
32 56 257
32 57 199
32 58 245
32 59 80
32 60 289
32 61 234
32 62 32
32 63 57
32 64 122
32 65 136
32 66 31
32 67 111
32 68 163
32 69 260
32 70 174
32 71 50
32 72 152
32 73 89
32 74 44
32 75 33
32 76 280
32 77 115
32 78 198
32 79 145
32 80 180
32 81 291
32 82 106
32 83 88
32 84 108
32 85 60
32 86 265
32 87 270
32 88 239
32 89 63
32 90 122
32 91 238
32 92 220
32 93 73
32 94 271
32 95 229
32 96 102
32 97 129
32 98 55
32 99 77
33 1 164
33 2 61
33 3 63
33 4 195
33 5 233
33 6 108
33 7 174
33 8 189
33 9 296
33 10 246
33 11 268
33 12 50
33 13 300
33 14 162
33 15 138
33 16 71
33 17 223
33 18 256
33 19 168
33 20 242
33 21 223
33 22 245
33 23 178
33 24 83
33 25 194
33 26 245
33 27 116
33 28 164
33 29 295
33 30 264
33 31 111
33 32 116
33 34 195
33 35 90
33 36 123
33 37 76
33 38 241
33 39 114
33 40 224
33 41 121
33 42 130
33 43 147
33 44 222
33 45 35
33 46 232
33 47 202
33 48 132
33 49 87
33 50 166
33 51 154
33 52 222
33 53 295
33 54 185
33 55 32
33 56 93
33 57 283
33 58 283
33 59 190
33 60 77
33 61 44
33 62 30
33 63 243
33 64 61
33 65 293
33 66 110
33 67 79
33 68 260
33 69 40
33 70 292
33 71 63
33 72 299
33 73 61
33 74 50
33 75 203
33 76 233
33 77 253
33 78 116
33 79 55
33 80 171
33 81 207
33 82 40
33 83 84
33 84 259
33 85 160
33 86 258
33 87 198
33 88 33
33 89 38
33 90 77
33 91 45
33 92 165
33 93 68
33 94 285
33 95 264
33 96 97
33 97 88
33 98 161
33 99 283
34 1 281
34 2 30
34 3 218
34 4 195
34 5 278
34 6 142
34 7 172
34 8 275
34 9 224
34 10 252
34 11 206
34 12 152
34 13 33
34 14 261
34 15 190
34 16 79
34 17 269
34 18 239
34 19 279
34 20 274
34 21 209
34 22 70
34 23 99
34 24 300
34 25 265
34 26 230
34 27 255
34 28 265
34 29 76
34 30 195
34 31 37
34 32 160
34 33 195
34 35 183
34 36 71
34 37 98
34 38 155
34 39 288
34 40 224
34 41 289
34 42 201
34 43 60
34 44 37
34 45 163
34 46 200
34 47 277
34 48 155
34 49 137
34 50 85
34 51 130
34 52 241
34 53 32
34 54 117
34 55 75
34 56 90
34 57 230
34 58 77
34 59 84
34 60 270
34 61 267
34 62 195
34 63 260
34 64 217
34 65 197
34 66 202
34 67 231
34 68 211
34 69 85
34 70 199
34 71 101
34 72 240
34 73 202
34 74 31
34 75 58
34 76 217
34 77 97
34 78 268
34 79 69
34 80 124
34 81 219
34 82 104
34 83 176
34 84 280
34 85 232
34 86 42
34 87 253
34 88 201
34 89 94
34 90 137
34 91 191
34 92 246
34 93 258
34 94 30
34 95 186
34 96 158
34 97 202
34 98 270
34 99 32
35 1 183
35 2 142
35 3 175
35 4 171
35 5 219
35 6 126
35 7 126
35 8 126
35 9 93
35 10 71
35 11 145
35 12 273
35 13 252
35 14 217
35 15 56
35 16 241
35 17 131
35 18 251
35 19 90
35 20 185
35 21 229
35 22 111
35 23 76
35 24 297
35 25 49
35 26 126
35 27 179
35 28 166
35 29 84
35 30 105
35 31 48
35 32 229
35 33 90
35 34 183
35 36 40
35 37 32
35 38 281
35 39 136
35 40 204
35 41 283
35 42 68
35 43 241
35 44 146
35 45 161
35 46 276
35 47 165
35 48 76
35 49 153
35 50 254
35 51 250
35 52 269
35 53 245
35 54 237
35 55 143
35 56 180
35 57 87
35 58 299
35 59 90
35 60 280
35 61 146
35 62 45
35 63 173
35 64 34
35 65 36
35 66 290
35 67 56
35 68 117
35 69 220
35 70 150
35 71 184
35 72 105
35 73 168
35 74 152
35 75 284
35 76 109
35 77 87
35 78 293
35 79 257
35 80 283
35 81 289
35 82 141
35 83 109
35 84 76
35 85 35
35 86 100
35 87 45
35 88 274
35 89 177
35 90 259
35 91 294
35 92 188
35 93 296
35 94 215
35 95 262
35 96 283
35 97 53
35 98 86
35 99 48
36 1 111
36 2 193
36 3 80
36 4 296
36 5 39
36 6 91
36 7 199
36 8 199
36 9 200
36 10 74
36 11 257
36 12 178
36 13 213
36 14 58
36 15 235
36 16 287
36 17 260
36 18 238
36 19 171
36 20 256
36 21 44
36 22 299
36 23 277
36 24 143
36 25 211
36 26 129
36 27 124
36 28 152
36 29 262
36 30 66
36 31 120
36 32 133
36 33 123
36 34 71
36 35 40
36 37 103
36 38 260
36 39 31
36 40 205
36 41 210
36 42 178
36 43 83
36 44 290
36 45 134
36 46 75
36 47 86
36 48 225
36 49 156
36 50 45
36 51 60
36 52 268
36 53 144
36 54 49
36 55 97
36 56 58
36 57 157
36 58 273
36 59 294
36 60 92
36 61 88
36 62 281
36 63 273
36 64 203
36 65 159
36 66 169
36 67 267
36 68 168
36 69 120
36 70 211
36 71 45
36 72 113
36 73 192
36 74 180
36 75 190
36 76 294
36 77 126
36 78 193
36 79 141
36 80 90
36 81 141
36 82 96
36 83 256
36 84 199
36 85 289
36 86 246
36 87 38
36 88 52
36 89 154
36 90 49
36 91 103
36 92 200
36 93 58
36 94 72
36 95 231
36 96 167
36 97 64
36 98 261
36 99 272
37 1 243
37 2 138
37 3 48
37 4 273
37 5 246
37 6 55
37 7 253
37 8 240
37 9 252
37 10 175
37 11 42
37 12 107
37 13 36
37 14 215
37 15 198
37 16 209
37 17 107
37 18 101
37 19 266
37 20 297
37 21 122
37 22 179
37 23 201
37 24 246
37 25 55
37 26 247
37 27 119
37 28 233
37 29 290
37 30 168
37 31 176
37 32 285
37 33 76
37 34 98
37 35 32
37 36 103
37 38 37
37 39 93
37 40 138
37 41 270
37 42 82
37 43 230
37 44 70
37 45 94
37 46 178
37 47 125
37 48 176
37 49 147
37 50 175
37 51 112
37 52 221
37 53 185
37 54 230
37 55 36
37 56 255
37 57 94
37 58 182
37 59 93
37 60 217
37 61 225
37 62 268
37 63 146
37 64 114
37 65 285
37 66 232
37 67 203
37 68 299
37 69 63
37 70 90
37 71 237
37 72 202
37 73 37
37 74 135
37 75 102
37 76 230
37 77 162
37 78 131
37 79 100
37 80 232
37 81 69
37 82 81
37 83 79
37 84 83
37 85 300
37 86 120
37 87 129
37 88 262
37 89 32
37 90 204
37 91 276
37 92 133
37 93 210
37 94 120
37 95 290
37 96 266
37 97 166
37 98 275
37 99 219
38 1 200
38 2 137
38 3 108
38 4 79
38 5 187
38 6 236
38 7 271
38 8 236
38 9 299
38 10 101
38 11 138
38 12 218
38 13 235
38 14 31
38 15 266
38 16 260
38 17 110
38 18 37
38 19 81
38 20 90
38 21 62
38 22 140
38 23 253
38 24 204
38 25 244
38 26 271
38 27 245
38 28 84
38 29 84
38 30 139
38 31 278
38 32 158
38 33 241
38 34 155
38 35 281
38 36 260
38 37 37
38 39 63
38 40 62
38 41 125
38 42 154
38 43 186
38 44 275
38 45 114
38 46 271
38 47 129
38 48 61
38 49 285
38 50 131
38 51 125
38 52 295
38 53 102
38 54 206
38 55 191
38 56 272
38 57 162
38 58 175
38 59 92
38 60 292
38 61 275
38 62 242
38 63 187
38 64 43
38 65 79
38 66 73
38 67 233
38 68 60
38 69 296
38 70 135
38 71 94
38 72 128
38 73 217
38 74 263
38 75 127
38 76 245
38 77 170
38 78 103
38 79 215
38 80 189
38 81 73
38 82 239
38 83 244
38 84 296
38 85 61
38 86 55
38 87 144
38 88 137
38 89 218
38 90 271
38 91 57
38 92 241
38 93 129
38 94 60
38 95 41
38 96 108
38 97 236
38 98 93
38 99 111
39 1 280
39 2 66
39 3 41
39 4 138
39 5 289
39 6 97
39 7 67
39 8 153
39 9 90
39 10 37
39 11 257
39 12 66
39 13 42
39 14 128
39 15 45
39 16 77
39 17 114
39 18 183
39 19 188
39 20 32
39 21 245
39 22 55
39 23 79
39 24 60
39 25 224
39 26 86
39 27 160
39 28 42
39 29 289
39 30 193
39 31 35
39 32 154
39 33 114
39 34 288
39 35 136
39 36 31
39 37 93
39 38 63
39 40 140
39 41 117
39 42 38
39 43 191
39 44 286
39 45 183
39 46 166
39 47 185
39 48 187
39 49 59
39 50 48
39 51 245
39 52 217
39 53 296
39 54 62
39 55 190
39 56 155
39 57 268
39 58 288
39 59 128
39 60 291
39 61 41
39 62 255
39 63 102
39 64 157
39 65 258
39 66 279
39 67 191
39 68 238
39 69 36
39 70 41
39 71 257
39 72 66
39 73 80
39 74 58
39 75 123
39 76 162
39 77 51
39 78 265
39 79 39
39 80 208
39 81 45
39 82 236
39 83 297
39 84 50
39 85 237
39 86 157
39 87 292
39 88 73
39 89 114
39 90 91
39 91 117
39 92 268
39 93 141
39 94 158
39 95 46
39 96 34
39 97 98
39 98 177
39 99 129
40 1 119
40 2 293
40 3 280
40 4 246
40 5 36
40 6 212
40 7 130
40 8 230
40 9 166
40 10 169
40 11 284
40 12 216
40 13 236
40 14 210
40 15 200
40 16 229
40 17 125
40 18 87
40 19 227
40 20 93
40 21 292
40 22 255
40 23 48
40 24 215
40 25 36
40 26 270
40 27 96
40 28 249
40 29 64
40 30 76
40 31 31
40 32 226
40 33 224
40 34 224
40 35 204
40 36 205
40 37 138
40 38 62
40 39 140
40 41 35
40 42 116
40 43 124
40 44 104
40 45 156
40 46 146
40 47 165
40 48 71
40 49 223
40 50 280
40 51 280
40 52 236
40 53 34
40 54 164
40 55 231
40 56 41
40 57 181
40 58 206
40 59 111
40 60 250
40 61 111
40 62 135
40 63 100
40 64 85
40 65 124
40 66 263
40 67 270
40 68 138
40 69 117
40 70 124
40 71 91
40 72 74
40 73 31
40 74 145
40 75 206
40 76 225
40 77 279
40 78 238
40 79 35
40 80 98
40 81 233
40 82 54
40 83 32
40 84 175
40 85 136
40 86 277
40 87 155
40 88 297
40 89 65
40 90 215
40 91 102
40 92 280
40 93 182
40 94 179
40 95 206
40 96 257
40 97 68
40 98 155
40 99 255
41 1 259
41 2 247
41 3 34
41 4 208
41 5 114
41 6 188
41 7 165
41 8 100
41 9 270
41 10 93
41 11 266
41 12 217
41 13 289
41 14 204
41 15 284
41 16 236
41 17 253
41 18 294
41 19 107
41 20 287
41 21 46
41 22 78
41 23 207
41 24 248
41 25 153
41 26 139
41 27 259
41 28 115
41 29 66
41 30 204
41 31 108
41 32 54
41 33 121
41 34 289
41 35 283
41 36 210
41 37 270
41 38 125
41 39 117
41 40 35
41 42 127
41 43 270
41 44 100
41 45 119
41 46 151
41 47 128
41 48 163
41 49 126
41 50 186
41 51 148
41 52 178
41 53 32
41 54 59
41 55 232
41 56 174
41 57 237
41 58 300
41 59 239
41 60 185
41 61 178
41 62 101
41 63 92
41 64 284
41 65 39
41 66 214
41 67 101
41 68 92
41 69 256
41 70 83
41 71 50
41 72 273
41 73 225
41 74 205
41 75 82
41 76 226
41 77 88
41 78 252
41 79 275
41 80 156
41 81 39
41 82 173
41 83 239
41 84 213
41 85 98
41 86 199
41 87 174
41 88 267
41 89 78
41 90 241
41 91 267
41 92 195
41 93 49
41 94 180
41 95 121
41 96 104
41 97 267
41 98 122
41 99 227
42 1 244
42 2 173
42 3 261
42 4 78
42 5 156
42 6 38
42 7 199
42 8 122
42 9 267
42 10 202
42 11 120
42 12 204
42 13 128
42 14 286
42 15 248
42 16 133
42 17 224
42 18 205
42 19 67
42 20 207
42 21 50
42 22 182
42 23 47
42 24 255
42 25 157
42 26 188
42 27 279
42 28 78
42 29 215
42 30 290
42 31 70
42 32 207
42 33 130
42 34 201
42 35 68
42 36 178
42 37 82
42 38 154
42 39 38
42 40 116
42 41 127
42 43 123
42 44 270
42 45 191
42 46 264
42 47 90
42 48 196
42 49 226
42 50 148
42 51 233
42 52 255
42 53 291
42 54 129
42 55 96
42 56 130
42 57 186
42 58 274
42 59 274
42 60 244
42 61 120
42 62 94
42 63 45
42 64 89
42 65 58
42 66 172
42 67 50
42 68 57
42 69 69
42 70 274
42 71 225
42 72 210
42 73 238
42 74 153
42 75 105
42 76 147
42 77 93
42 78 182
42 79 53
42 80 143
42 81 94
42 82 162
42 83 233
42 84 159
42 85 170
42 86 276
42 87 246
42 88 210
42 89 203
42 90 273
42 91 145
42 92 105
42 93 223
42 94 230
42 95 265
42 96 158
42 97 221
42 98 57
42 99 87
43 1 49
43 2 260
43 3 46
43 4 45
43 5 89
43 6 157
43 7 299
43 8 116
43 9 123
43 10 67
43 11 293
43 12 94
43 13 189
43 14 78
43 15 235
43 16 298
43 17 178
43 18 36
43 19 46
43 20 141
43 21 292
43 22 88
43 23 157
43 24 137
43 25 55
43 26 176
43 27 280
43 28 199
43 29 167
43 30 178
43 31 87
43 32 66
43 33 147
