s 1 175
s 2 253
s 3 83
s 4 128
s 5 134
s 6 258
s 7 251
s 8 114
s 9 270
s 10 54
s 11 185
s 12 206
s 13 124
s 14 197
s 15 163
s 16 181
s 17 203
s 18 75
s 19 182
s 20 199
s 21 216
s 22 101
s 23 163
s 24 171
s 25 86
s 26 81
s 27 81
s 28 163
s 29 134
s 30 69
s 31 53
s 32 210
s 33 147
s 34 145
s 35 127
s 36 168
s 37 114
s 38 40
s 39 31
s 40 284
s 41 138
s 42 32
s 43 137
s 44 244
s 45 80
s 46 38
s 47 69
s 48 155
s 49 55
s 50 230
s 51 256
s 52 84
s 53 144
s 54 90
s 55 211
s 56 291
s 57 201
s 58 173
s 59 159
s 60 165
s 61 39
s 62 141
s 63 49
s 64 49
s 65 89
s 66 247
s 67 30
s 68 133
s 69 107
s 70 147
s 71 155
s 72 281
s 73 103
s 74 231
s 75 246
s 76 63
s 77 280
s 78 108
s 79 74
s 80 225
s 81 67
s 82 124
s 83 115
s 84 78
s 85 62
s 86 79
s 87 59
s 88 71
s 89 200
s 90 60
s 91 147
s 92 41
s 93 240
s 94 284
s 95 162
s 96 96
s 97 272
s 98 68
s 99 212
1 2 228
1 3 300
1 4 162
1 5 113
1 6 159
1 7 172
1 8 99
1 9 202
1 10 243
1 11 170
1 12 110
1 13 185
1 14 89
1 15 209
1 16 173
1 17 81
1 18 91
1 19 77
1 20 134
1 21 148
1 22 209
1 23 210
1 24 155
1 25 66
1 26 114
1 27 105
1 28 265
1 29 289
1 30 61
1 31 230
1 32 224
1 33 33
1 34 179
1 35 181
1 36 273
1 37 271
1 38 136
1 39 193
1 40 197
1 41 247
1 42 156
1 43 160
1 44 56
1 45 75
1 46 102
1 47 216
1 48 236
1 49 210
1 50 147
1 51 32
1 52 248
1 53 106
1 54 124
1 55 132
1 56 201
1 57 238
1 58 131
1 59 61
1 60 225
1 61 39
1 62 102
1 63 42
1 64 225
1 65 52
1 66 63
1 67 139
1 68 149
1 69 242
1 70 73
1 71 213
1 72 285
1 73 58
1 74 117
1 75 75
1 76 120
1 77 212
1 78 155
1 79 161
1 80 278
1 81 144
1 82 165
1 83 167
1 84 168
1 85 50
1 86 152
1 87 294
1 88 139
1 89 87
1 90 179
1 91 124
1 92 87
1 93 32
1 94 73
1 95 161
1 96 74
1 97 296
1 98 165
1 99 45
2 1 228
2 3 239
2 4 41
2 5 294
2 6 88
2 7 199
2 8 298
2 9 216
2 10 75
2 11 53
2 12 129
2 13 187
2 14 153
2 15 123
2 16 283
2 17 53
2 18 180
2 19 133
2 20 246
2 21 156
2 22 77
2 23 262
2 24 118
2 25 132
2 26 37
2 27 238
2 28 120
2 29 236
2 30 90
2 31 235
2 32 89
2 33 250
2 34 125
2 35 281
2 36 263
2 37 118
2 38 115
2 39 278
2 40 46
2 41 212
2 42 169
2 43 158
2 44 30
2 45 257
2 46 105
2 47 117
2 48 31
2 49 216
2 50 293
2 51 185
2 52 199
2 53 271
2 54 153
2 55 97
2 56 165
2 57 247
2 58 133
2 59 38
2 60 93
2 61 99
2 62 265
2 63 55
2 64 290
2 65 209
2 66 151
2 67 149
2 68 37
2 69 92
2 70 37
2 71 277
2 72 241
2 73 184
2 74 83
2 75 273
2 76 247
2 77 54
2 78 153
2 79 62
2 80 118
2 81 164
2 82 265
2 83 140
2 84 81
2 85 273
2 86 279
2 87 148
2 88 143
2 89 290
2 90 174
2 91 252
2 92 146
2 93 172
2 94 283
2 95 44
2 96 48
2 97 98
2 98 244
2 99 31
3 1 300
3 2 239
3 4 184
3 5 96
3 6 231
3 7 63
3 8 170
3 9 159
3 10 214
3 11 79
3 12 56
3 13 64
3 14 255
3 15 218
3 16 263
3 17 192
3 18 202
3 19 206
3 20 265
3 21 275
3 22 150
3 23 182
3 24 56
3 25 223
3 26 259
3 27 83
3 28 47
3 29 114
3 30 259
3 31 259
3 32 220
3 33 300
3 34 130
3 35 284
3 36 295
3 37 222
3 38 65
3 39 271
3 40 89
3 41 55
3 42 258
3 43 142
3 44 118
3 45 84
3 46 212
3 47 149
3 48 147
3 49 115
3 50 164
3 51 214
3 52 212
3 53 172
3 54 30
3 55 237
3 56 273
3 57 83
3 58 47
3 59 227
3 60 266
3 61 59
3 62 279
3 63 273
3 64 129
3 65 134
3 66 277
3 67 129
3 68 232
3 69 207
3 70 164
3 71 253
3 72 199
3 73 196
3 74 212
3 75 221
3 76 198
3 77 169
3 78 201
3 79 132
3 80 108
3 81 260
3 82 218
3 83 101
3 84 132
3 85 215
3 86 90
3 87 33
3 88 283
3 89 162
3 90 241
3 91 300
3 92 257
3 93 188
3 94 246
3 95 278
3 96 83
3 97 170
3 98 242
3 99 150
4 1 162
4 2 41
4 3 184
4 5 50
4 6 104
4 7 156
4 8 39
4 9 292
4 10 71
4 11 103
4 12 46
4 13 260
4 14 163
4 15 273
4 16 35
4 17 218
4 18 222
4 19 284
4 20 62
4 21 149
4 22 100
4 23 290
4 24 223
4 25 236
4 26 34
4 27 57
4 28 177
4 29 176
4 30 222
4 31 214
4 32 72
4 33 146
4 34 245
4 35 60
4 36 189
4 37 220
4 38 254
4 39 71
4 40 244
4 41 97
4 42 260
4 43 94
4 44 39
4 45 211
4 46 82
4 47 243
4 48 133
4 49 107
4 50 61
4 51 158
4 52 189
4 53 156
4 54 97
4 55 99
4 56 256
4 57 45
4 58 242
4 59 218
4 60 34
4 61 191
4 62 106
4 63 30
4 64 202
4 65 284
4 66 290
4 67 287
4 68 201
4 69 50
4 70 284
4 71 61
4 72 131
4 73 33
4 74 235
4 75 105
4 76 263
4 77 279
4 78 77
4 79 216
4 80 121
4 81 128
4 82 256
4 83 113
4 84 50
4 85 207
4 86 153
4 87 177
4 88 107
4 89 248
4 90 31
4 91 119
4 92 33
4 93 54
4 94 286
4 95 48
4 96 282
4 97 291
4 98 66
4 99 120
5 1 113
5 2 294
5 3 96
5 4 50
5 6 110
5 7 294
5 8 117
5 9 137
5 10 297
5 11 259
5 12 208
5 13 200
5 14 191
5 15 261
5 16 149
5 17 210
5 18 65
5 19 123
5 20 176
5 21 269
5 22 255
5 23 56
5 24 39
5 25 288
5 26 113
5 27 275
5 28 243
5 29 126
5 30 111
5 31 214
5 32 247
5 33 57
5 34 133
5 35 187
5 36 241
5 37 209
5 38 275
5 39 159
5 40 290
5 41 122
5 42 259
5 43 224
5 44 181
5 45 182
5 46 43
5 47 185
5 48 178
5 49 181
5 50 228
5 51 92
5 52 299
5 53 32
5 54 299
5 55 243
5 56 228
5 57 280
5 58 263
5 59 283
5 60 92
5 61 230
5 62 55
5 63 217
5 64 189
5 65 58
5 66 204
5 67 214
5 68 121
5 69 33
5 70 269
5 71 206
5 72 97
5 73 95
5 74 245
5 75 236
5 76 279
5 77 96
5 78 269
5 79 285
5 80 117
5 81 132
5 82 160
5 83 299
5 84 281
5 85 215
5 86 39
5 87 192
5 88 139
5 89 178
5 90 80
5 91 156
5 92 124
5 93 114
5 94 296
5 95 43
5 96 41
5 97 245
5 98 35
5 99 105
6 1 159
6 2 88
6 3 231
6 4 104
6 5 110
6 7 203
6 8 157
6 9 279
6 10 222
6 11 226
6 12 93
6 13 199
6 14 284
6 15 171
6 16 37
6 17 177
6 18 92
6 19 145
6 20 167
6 21 229
6 22 249
6 23 131
6 24 68
6 25 112
6 26 238
6 27 81
6 28 139
6 29 235
6 30 208
6 31 111
6 32 41
6 33 282
6 34 210
6 35 107
6 36 271
6 37 296
6 38 260
6 39 48
6 40 74
6 41 86
6 42 212
6 43 158
6 44 215
6 45 72
6 46 180
6 47 162
6 48 232
6 49 160
6 50 121
6 51 167
6 52 51
6 53 274
6 54 71
6 55 118
6 56 295
6 57 211
6 58 246
6 59 204
6 60 280
6 61 254
6 62 266
6 63 54
6 64 101
6 65 225
6 66 163
6 67 285
6 68 230
6 69 102
6 70 105
6 71 242
6 72 67
6 73 124
6 74 256
6 75 268
6 76 245
6 77 262
6 78 39
6 79 83
6 80 58
6 81 216
6 82 183
6 83 197
6 84 197
6 85 115
6 86 172
6 87 121
6 88 288
6 89 216
6 90 76
6 91 278
6 92 159
6 93 52
6 94 251
6 95 258
6 96 248
6 97 244
6 98 255
6 99 178
7 1 172
7 2 199
7 3 63
7 4 156
7 5 294
7 6 203
7 8 163
7 9 284
7 10 151
7 11 193
7 12 152
7 13 233
7 14 82
7 15 104
7 16 73
7 17 151
7 18 130
7 19 45
7 20 168
7 21 153
7 22 143
7 23 128
7 24 83
7 25 99
7 26 285
7 27 264
7 28 117
7 29 216
7 30 55
7 31 48
7 32 283
7 33 74
7 34 41
7 35 143
7 36 223
7 37 151
7 38 158
7 39 62
7 40 149
7 41 289
7 42 90
7 43 182
7 44 45
7 45 179
7 46 136
7 47 78
7 48 286
7 49 52
7 50 137
7 51 95
7 52 186
7 53 116
7 54 39
7 55 113
7 56 133
7 57 47
7 58 101
7 59 228
7 60 259
7 61 233
7 62 88
7 63 121
7 64 298
7 65 102
7 66 264
7 67 271
7 68 251
7 69 109
7 70 250
7 71 217
7 72 192
7 73 106
7 74 133
7 75 172
7 76 208
7 77 296
7 78 70
7 79 44
7 80 92
7 81 211
7 82 215
7 83 261
7 84 146
7 85 146
7 86 139
7 87 194
7 88 104
7 89 254
7 90 130
7 91 183
7 92 299
7 93 217
7 94 42
7 95 48
7 96 212
7 97 187
7 98 194
7 99 185
8 1 99
8 2 298
8 3 170
8 4 39
8 5 117
8 6 157
8 7 163
8 9 138
8 10 269
8 11 171
8 12 177
8 13 208
8 14 161
8 15 239
8 16 99
8 17 171
8 18 169
8 19 238
8 20 180
8 21 125
8 22 77
8 23 64
8 24 234
8 25 131
8 26 254
8 27 36
8 28 166
8 29 117
8 30 113
8 31 244
8 32 140
8 33 118
8 34 41
8 35 110
8 36 131
8 37 46
8 38 237
8 39 253
8 40 286
8 41 106
8 42 119
8 43 153
8 44 38
8 45 204
8 46 96
8 47 157
8 48 234
8 49 159
8 50 185
8 51 210
8 52 36
8 53 278
8 54 130
8 55 43
8 56 127
8 57 87
8 58 116
8 59 63
8 60 258
8 61 210
8 62 47
8 63 162
8 64 204
8 65 198
8 66 59
8 67 166
8 68 170
8 69 42
8 70 177
8 71 218
8 72 75
8 73 196
8 74 90
8 75 92
8 76 183
8 77 129
8 78 111
8 79 269
8 80 72
8 81 297
8 82 97
8 83 44
8 84 64
8 85 182
8 86 245
8 87 172
8 88 37
8 89 130
8 90 107
8 91 250
8 92 179
8 93 125
8 94 202
8 95 181
8 96 191
8 97 68
8 98 43
8 99 229
9 1 202
9 2 216
9 3 159
9 4 292
9 5 137
9 6 279
9 7 284
9 8 138
9 10 97
9 11 264
9 12 83
9 13 63
9 14 221
9 15 64
9 16 58
9 17 70
9 18 200
9 19 146
9 20 295
9 21 284
9 22 57
9 23 71
9 24 57
9 25 289
9 26 46
9 27 170
9 28 193
9 29 299
9 30 47
9 31 219
9 32 44
9 33 230
9 34 180
9 35 193
9 36 143
9 37 203
9 38 81
9 39 90
9 40 173
9 41 148
9 42 142
9 43 83
9 44 90
9 45 277
9 46 171
9 47 144
9 48 104
9 49 106
9 50 116
9 51 228
9 52 198
9 53 129
9 54 176
9 55 282
9 56 292
9 57 160
9 58 113
9 59 280
9 60 290
9 61 58
9 62 230
9 63 162
9 64 44
9 65 191
9 66 120
9 67 108
9 68 230
9 69 215
9 70 103
9 71 207
9 72 56
9 73 131
9 74 135
9 75 280
9 76 270
9 77 224
9 78 43
9 79 72
9 80 62
9 81 59
9 82 93
9 83 107
9 84 103
9 85 173
9 86 64
9 87 59
9 88 220
9 89 142
9 90 127
9 91 275
9 92 154
9 93 157
9 94 235
9 95 156
9 96 50
9 97 155
9 98 115
9 99 74
10 1 243
10 2 75
10 3 214
10 4 71
10 5 297
10 6 222
10 7 151
10 8 269
10 9 97
10 11 299
10 12 76
10 13 57
10 14 211
10 15 253
10 16 31
10 17 177
10 18 203
10 19 159
10 20 136
10 21 172
10 22 274
10 23 288
10 24 219
10 25 158
10 26 210
10 27 289
10 28 141
10 29 268
10 30 122
10 31 241
10 32 127
10 33 160
10 34 125
10 35 242
10 36 253
10 37 183
10 38 126
10 39 128
10 40 126
10 41 68
10 42 72
10 43 84
10 44 269
10 45 184
10 46 80
10 47 157
10 48 153
10 49 273
10 50 70
10 51 292
10 52 123
10 53 254
10 54 139
10 55 264
10 56 288
10 57 172
10 58 102
10 59 65
10 60 231
10 61 211
10 62 69
10 63 120
10 64 203
10 65 90
10 66 78
10 67 140
10 68 237
10 69 102
10 70 155
10 71 165
10 72 117
10 73 253
10 74 296
10 75 274
10 76 276
10 77 242
10 78 298
10 79 92
10 80 124
10 81 115
10 82 60
10 83 223
10 84 169
10 85 41
10 86 298
10 87 115
10 88 278
10 89 144
10 90 84
10 91 53
10 92 275
10 93 166
10 94 32
10 95 215
10 96 89
10 97 147
10 98 104
10 99 101
11 1 170
11 2 53
11 3 79
11 4 103
11 5 259
11 6 226
11 7 193
11 8 171
11 9 264
11 10 299
11 12 266
11 13 193
11 14 133
11 15 213
11 16 290
11 17 198
11 18 58
11 19 59
11 20 33
11 21 89
11 22 273
11 23 295
11 24 296
11 25 158
11 26 100
11 27 246
11 28 89
11 29 150
11 30 143
11 31 233
11 32 36
11 33 46
11 34 38
11 35 135
11 36 281
11 37 122
11 38 226
11 39 30
11 40 132
11 41 266
11 42 283
11 43 295
11 44 131
11 45 261
11 46 235
11 47 262
11 48 262
11 49 208
11 50 72
11 51 43
11 52 66
11 53 80
11 54 136
11 55 253
11 56 195
11 57 254
11 58 235
11 59 284
11 60 247
11 61 170
11 62 68
11 63 255
11 64 272
11 65 108
11 66 134
11 67 228
11 68 273
11 69 65
11 70 85
11 71 139
11 72 32
11 73 249
11 74 299
11 75 107
11 76 151
11 77 256
11 78 147
11 79 141
11 80 80
11 81 163
11 82 162
11 83 161
11 84 100
11 85 298
11 86 108
11 87 144
11 88 259
11 89 261
11 90 187
11 91 128
11 92 95
11 93 89
11 94 138
11 95 44
11 96 170
11 97 160
11 98 164
11 99 168
12 1 110
12 2 129
12 3 56
12 4 46
12 5 208
12 6 93
12 7 152
12 8 177
12 9 83
12 10 76
12 11 266
12 13 231
12 14 87
12 15 108
12 16 68
12 17 57
12 18 50
12 19 123
12 20 99
12 21 93
12 22 31
12 23 119
12 24 198
12 25 30
12 26 233
12 27 146
12 28 49
12 29 143
12 30 69
12 31 51
12 32 153
12 33 243
12 34 72
12 35 102
12 36 206
12 37 162
12 38 223
12 39 102
12 40 103
12 41 96
12 42 66
12 43 218
12 44 263
12 45 80
12 46 105
12 47 137
12 48 206
12 49 142
12 50 240
12 51 95
12 52 49
12 53 130
12 54 201
12 55 271
12 56 124
12 57 158
12 58 285
12 59 132
12 60 58
12 61 148
12 62 245
12 63 179
12 64 32
12 65 228
12 66 300
12 67 173
12 68 211
12 69 226
12 70 238
12 71 145
12 72 247
12 73 49
12 74 85
12 75 269
12 76 211
12 77 252
12 78 258
12 79 94
12 80 82
12 81 34
12 82 282
12 83 79
12 84 107
12 85 273
12 86 202
12 87 77
12 88 249
12 89 123
12 90 33
12 91 175
12 92 181
12 93 65
12 94 253
12 95 125
12 96 47
12 97 237
12 98 95
12 99 263
13 1 185
13 2 187
13 3 64
13 4 260
13 5 200
13 6 199
13 7 233
13 8 208
13 9 63
13 10 57
13 11 193
13 12 231
13 14 183
13 15 186
13 16 107
13 17 201
13 18 136
13 19 128
13 20 228
13 21 165
13 22 209
13 23 244
13 24 295
13 25 127
13 26 143
13 27 157
13 28 143
13 29 86
13 30 113
13 31 199
13 32 93
13 33 178
13 34 33
13 35 128
13 36 279
13 37 65
13 38 201
13 39 164
13 40 237
13 41 108
13 42 236
13 43 246
13 44 288
13 45 150
13 46 199
13 47 46
13 48 62
13 49 31
13 50 128
13 51 63
13 52 84
13 53 116
13 54 269
13 55 236
13 56 254
13 57 47
13 58 74
13 59 156
13 60 278
13 61 236
13 62 87
13 63 159
13 64 293
13 65 127
13 66 145
13 67 262
13 68 76
13 69 171
13 70 281
13 71 66
13 72 45
13 73 266
13 74 292
13 75 291
13 76 143
13 77 57
13 78 202
13 79 71
13 80 75
13 81 145
13 82 65
13 83 120
13 84 279
13 85 57
13 86 179
13 87 95
13 88 106
13 89 298
13 90 130
13 91 99
13 92 105
13 93 207
13 94 262
13 95 260
13 96 58
13 97 94
13 98 200
13 99 63
14 1 89
14 2 153
14 3 255
14 4 163
14 5 191
14 6 284
14 7 82
14 8 161
14 9 221
14 10 211
14 11 133
14 12 87
14 13 183
14 15 282
14 16 289
14 17 241
14 18 271
14 19 249
14 20 120
14 21 107
14 22 173
14 23 191
14 24 116
14 25 139
14 26 30
14 27 88
14 28 273
14 29 98
14 30 69
14 31 277
14 32 31
14 33 125
14 34 228
14 35 216
14 36 56
14 37 62
14 38 245
14 39 262
14 40 275
14 41 272
14 42 134
14 43 298
14 44 174
14 45 171
14 46 139
14 47 218
14 48 206
14 49 64
14 50 40
14 51 193
14 52 225
14 53 260
14 54 219
14 55 80
14 56 40
14 57 118
14 58 269
14 59 137
14 60 35
14 61 299
14 62 194
14 63 148
14 64 286
14 65 55
14 66 77
14 67 186
14 68 287
14 69 216
14 70 234
14 71 165
14 72 189
14 73 125
14 74 159
14 75 188
14 76 295
14 77 264
14 78 187
14 79 59
14 80 104
14 81 76
14 82 205
14 83 210
14 84 253
14 85 178
14 86 291
14 87 208
14 88 84
14 89 127
14 90 50
14 91 84
14 92 272
14 93 203
14 94 78
14 95 298
14 96 272
14 97 121
14 98 289
14 99 182
15 1 209
15 2 123
15 3 218
15 4 273
15 5 261
15 6 171
15 7 104
15 8 239
15 9 64
15 10 253
15 11 213
15 12 108
15 13 186
15 14 282
15 16 186
15 17 144
15 18 38
15 19 193
15 20 68
15 21 123
15 22 93
15 23 230
15 24 210
15 25 143
15 26 175
15 27 227
15 28 54
15 29 40
15 30 124
15 31 101
15 32 159
15 33 98
15 34 262
15 35 160
15 36 234
15 37 300
15 38 243
15 39 176
15 40 164
15 41 200
15 42 98
15 43 112
15 44 177
15 45 166
15 46 186
15 47 143
15 48 189
15 49 284
15 50 265
15 51 299
15 52 140
15 53 91
15 54 31
15 55 298
15 56 228
15 57 87
15 58 223
15 59 192
15 60 30
15 61 207
15 62 240
15 63 293
15 64 98
15 65 79
15 66 251
15 67 141
15 68 44
15 69 198
15 70 195
15 71 71
15 72 111
15 73 153
15 74 300
15 75 47
15 76 142
15 77 101
15 78 229
15 79 63
15 80 208
15 81 235
15 82 259
15 83 90
15 84 274
15 85 164
15 86 300
15 87 69
15 88 144
15 89 81
15 90 146
15 91 230
15 92 230
15 93 114
15 94 156
15 95 191
15 96 236
15 97 123
15 98 209
15 99 187
16 1 173
16 2 283
16 3 263
16 4 35
16 5 149
16 6 37
16 7 73
16 8 99
16 9 58
16 10 31
16 11 290
16 12 68
16 13 107
16 14 289
16 15 186
16 17 156
16 18 37
16 19 55
16 20 134
16 21 153
16 22 258
16 23 294
16 24 120
16 25 144
16 26 217
16 27 200
16 28 192
16 29 160
16 30 174
16 31 291
16 32 149
16 33 67
16 34 132
16 35 191
16 36 216
16 37 143
16 38 271
16 39 53
16 40 166
16 41 156
16 42 119
16 43 267
16 44 294
16 45 170
16 46 30
16 47 281
16 48 205
16 49 143
16 50 244
16 51 220
16 52 154
16 53 71
16 54 175
16 55 245
16 56 226
16 57 186
16 58 284
16 59 267
16 60 146
16 61 37
16 62 34
16 63 172
16 64 244
16 65 52
16 66 139
16 67 165
16 68 238
16 69 33
16 70 175
16 71 148
16 72 115
16 73 161
16 74 74
16 75 216
16 76 285
16 77 291
16 78 213
16 79 290
16 80 177
16 81 171
16 82 234
16 83 287
16 84 138
16 85 104
16 86 282
16 87 149
16 88 233
16 89 212
16 90 85
16 91 242
16 92 145
16 93 276
16 94 209
16 95 281
16 96 36
16 97 231
16 98 291
16 99 294
17 1 81
17 2 53
17 3 192
17 4 218
17 5 210
17 6 177
17 7 151
17 8 171
17 9 70
17 10 177
17 11 198
17 12 57
17 13 201
17 14 241
17 15 144
17 16 156
17 18 268
17 19 172
17 20 191
17 21 81
17 22 234
17 23 177
17 24 36
17 25 56
17 26 134
17 27 276
17 28 181
17 29 289
17 30 219
17 31 256
17 32 159
17 33 83
17 34 125
17 35 230
17 36 39
17 37 277
17 38 42
17 39 182
17 40 216
17 41 189
17 42 93
17 43 101
17 44 275
17 45 272
17 46 135
17 47 167
17 48 152
17 49 195
17 50 184
17 51 254
17 52 199
17 53 243
17 54 212
17 55 186
17 56 227
17 57 207
17 58 251
17 59 143
17 60 265
17 61 36
17 62 122
17 63 67
17 64 196
17 65 115
17 66 211
17 67 136
17 68 74
17 69 86
17 70 40
17 71 264
17 72 91
17 73 190
17 74 150
17 75 31
17 76 61
17 77 126
17 78 209
17 79 110
17 80 156
17 81 298
17 82 196
17 83 100
17 84 282
17 85 84
17 86 256
17 87 92
17 88 172
17 89 225
17 90 164
17 91 243
17 92 122
17 93 74
17 94 50
17 95 280
17 96 38
17 97 195
17 98 126
17 99 61
18 1 91
18 2 180
18 3 202
18 4 222
18 5 65
18 6 92
18 7 130
18 8 169
18 9 200
18 10 203
18 11 58
18 12 50
18 13 136
18 14 271
18 15 38
18 16 37
18 17 268
18 19 239
18 20 124
18 21 249
18 22 289
18 23 74
18 24 95
18 25 147
18 26 141
18 27 93
18 28 270
18 29 176
18 30 248
18 31 257
18 32 265
18 33 171
18 34 264
18 35 252
18 36 156
18 37 184
18 38 60
18 39 171
18 40 249
18 41 187
18 42 245
18 43 91
18 44 93
18 45 183
18 46 130
18 47 209
18 48 208
18 49 37
18 50 139
18 51 282
18 52 285
18 53 35
18 54 235
18 55 268
18 56 223
18 57 160
18 58 60
18 59 287
18 60 101
18 61 247
18 62 201
18 63 268
18 64 45
18 65 277
18 66 88
18 67 86
18 68 277
18 69 73
18 70 36
18 71 203
18 72 150
18 73 274
18 74 182
18 75 151
18 76 48
18 77 126
18 78 214
18 79 174
18 80 147
18 81 298
18 82 146
18 83 194
18 84 181
18 85 219
18 86 37
18 87 274
18 88 254
18 89 94
18 90 153
18 91 109
18 92 261
18 93 55
18 94 100
18 95 158
18 96 285
18 97 115
18 98 189
18 99 47
19 1 77
19 2 133
19 3 206
19 4 284
19 5 123
19 6 145
19 7 45
19 8 238
19 9 146
19 10 159
19 11 59
19 12 123
19 13 128
19 14 249
19 15 193
19 16 55
19 17 172
19 18 239
19 20 295
19 21 190
19 22 188
19 23 39
19 24 82
19 25 273
19 26 87
19 27 161
19 28 137
19 29 280
19 30 108
19 31 183
19 32 186
19 33 287
19 34 295
19 35 248
19 36 81
19 37 161
19 38 45
19 39 214
19 40 271
19 41 295
19 42 135
19 43 261
19 44 113
19 45 219
19 46 53
19 47 92
19 48 50
19 49 177
19 50 187
19 51 121
19 52 84
19 53 179
19 54 200
19 55 158
19 56 200
19 57 160
19 58 219
19 59 63
19 60 242
19 61 71
19 62 87
19 63 271
19 64 37
19 65 40
19 66 54
19 67 41
19 68 143
19 69 290
19 70 105
19 71 49
19 72 265
19 73 134
19 74 134
19 75 196
19 76 83
19 77 103
19 78 113
19 79 292
19 80 247
19 81 114
19 82 166
19 83 150
19 84 269
19 85 117
19 86 174
19 87 68
19 88 230
19 89 281
19 90 53
19 91 185
19 92 134
19 93 101
19 94 109
19 95 261
19 96 231
19 97 54
19 98 231
19 99 231
20 1 134
20 2 246
20 3 265
20 4 62
20 5 176
20 6 167
20 7 168
20 8 180
20 9 295
20 10 136
20 11 33
20 12 99
20 13 228
20 14 120
20 15 68
20 16 134
20 17 191
20 18 124
20 19 295
20 21 139
20 22 102
20 23 288
20 24 47
20 25 226
20 26 226
20 27 53
20 28 219
20 29 214
20 30 75
20 31 135
20 32 265
20 33 59
20 34 298
20 35 201
20 36 51
20 37 145
20 38 190
20 39 114
20 40 280
20 41 250
20 42 146
20 43 121
20 44 176
20 45 140
20 46 41
20 47 208
20 48 268
20 49 134
20 50 85
20 51 267
20 52 71
20 53 99
20 54 66
20 55 185
20 56 224
20 57 109
20 58 180
20 59 88
20 60 128
20 61 78
20 62 225
20 63 66
20 64 235
20 65 67
20 66 251
20 67 189
20 68 95
20 69 272
20 70 206
20 71 273
20 72 180
20 73 120
20 74 124
20 75 245
20 76 137
20 77 88
20 78 254
20 79 230
20 80 186
20 81 237
20 82 209
20 83 226
20 84 99
20 85 251
20 86 94
20 87 210
20 88 91
20 89 48
20 90 281
20 91 169
20 92 222
20 93 238
20 94 243
20 95 124
20 96 133
20 97 213
20 98 213
20 99 252
21 1 148
21 2 156
21 3 275
21 4 149
21 5 269
21 6 229
21 7 153
21 8 125
21 9 284
21 10 172
21 11 89
21 12 93
21 13 165
21 14 107
21 15 123
21 16 153
21 17 81
21 18 249
21 19 190
21 20 139
21 22 294
21 23 210
21 24 42
21 25 99
21 26 150
21 27 205
21 28 204
21 29 184
21 30 119
21 31 279
21 32 113
21 33 113
21 34 238
21 35 208
21 36 206
21 37 197
21 38 171
21 39 129
21 40 79
21 41 159
21 42 281
21 43 127
21 44 228
21 45 293
21 46 212
21 47 43
21 48 35
21 49 291
21 50 118
21 51 266
21 52 81
21 53 111
21 54 264
21 55 48
21 56 273
21 57 283
21 58 185
21 59 235
21 60 193
21 61 134
21 62 50
21 63 278
21 64 289
21 65 62
21 66 82
21 67 196
21 68 171
21 69 213
21 70 137
21 71 165
21 72 267
21 73 85
21 74 125
21 75 157
21 76 109
21 77 83
21 78 246
21 79 182
21 80 173
21 81 219
21 82 199
21 83 235
21 84 164
21 85 167
21 86 124
21 87 34
21 88 148
21 89 44
21 90 205
21 91 279
21 92 180
21 93 108
21 94 61
21 95 169
21 96 249
21 97 64
21 98 33
21 99 209
22 1 209
22 2 77
22 3 150
22 4 100
22 5 255
22 6 249
22 7 143
22 8 77
22 9 57
22 10 274
22 11 273
22 12 31
22 13 209
22 14 173
22 15 93
22 16 258
22 17 234
22 18 289
22 19 188
22 20 102
22 21 294
22 23 108
22 24 293
22 25 118
22 26 62
22 27 291
22 28 51
22 29 232
22 30 200
22 31 73
22 32 82
22 33 134
22 34 57
22 35 266
22 36 263
22 37 199
22 38 196
22 39 148
22 40 260
22 41 276
22 42 49
22 43 219
22 44 155
22 45 278
22 46 299
22 47 289
22 48 264
22 49 100
22 50 134
22 51 208
22 52 226
22 53 188
22 54 275
22 55 80
22 56 218
22 57 299
22 58 74
22 59 177
22 60 213
22 61 261
22 62 151
22 63 66
22 64 100
22 65 242
22 66 196
22 67 114
22 68 261
22 69 296
22 70 71
22 71 75
22 72 79
22 73 85
22 74 256
22 75 150
22 76 142
22 77 171
22 78 44
22 79 53
22 80 149
22 81 175
22 82 236
22 83 48
22 84 130
22 85 234
22 86 132
22 87 155
22 88 291
22 89 203
22 90 218
22 91 62
22 92 172
22 93 210
22 94 175
22 95 239
22 96 229
22 97 192
22 98 172
22 99 96
23 1 210
23 2 262
23 3 182
23 4 290
23 5 56
23 6 131
23 7 128
23 8 64
23 9 71
23 10 288
23 11 295
23 12 119
23 13 244
23 14 191
23 15 230
23 16 294
23 17 177
23 18 74
23 19 39
23 20 288
23 21 210
23 22 108
23 24 80
23 25 109
23 26 231
23 27 246
23 28 272
23 29 182
23 30 217
23 31 260
23 32 155
23 33 297
23 34 63
23 35 224
23 36 105
23 37 139
23 38 135
23 39 210
23 40 266
23 41 31
23 42 54
23 43 240
23 44 215
23 45 234
23 46 85
23 47 290
23 48 58
23 49 281
23 50 198
23 51 91
23 52 172
23 53 122
23 54 135
23 55 153
23 56 265
23 57 282
23 58 119
23 59 63
23 60 292
23 61 154
23 62 234
23 63 65
23 64 166
23 65 120
23 66 83
23 67 45
23 68 300
23 69 84
23 70 211
23 71 220
23 72 70
23 73 179
23 74 190
23 75 223
23 76 298
23 77 44
23 78 123
23 79 272
23 80 49
23 81 89
23 82 185
23 83 269
23 84 207
23 85 171
23 86 279
23 87 176
23 88 73
23 89 50
23 90 64
23 91 267
23 92 170
23 93 171
23 94 183
23 95 186
23 96 249
23 97 286
23 98 131
23 99 170
24 1 155
24 2 118
24 3 56
24 4 223
24 5 39
24 6 68
24 7 83
24 8 234
24 9 57
24 10 219
24 11 296
24 12 198
24 13 295
24 14 116
24 15 210
24 16 120
24 17 36
24 18 95
24 19 82
24 20 47
24 21 42
24 22 293
24 23 80
24 25 94
24 26 262
24 27 236
24 28 79
24 29 120
24 30 255
24 31 217
24 32 158
24 33 111
24 34 205
24 35 228
24 36 194
24 37 43
24 38 227
24 39 295
24 40 289
24 41 241
24 42 276
24 43 38
24 44 57
24 45 263
24 46 295
24 47 86
24 48 91
24 49 192
24 50 221
24 51 159
24 52 214
24 53 141
24 54 96
24 55 287
24 56 40
24 57 102
24 58 206
24 59 279
24 60 38
24 61 128
24 62 141
24 63 288
24 64 217
24 65 223
24 66 32
24 67 162
24 68 72
24 69 74
24 70 143
24 71 67
24 72 161
24 73 99
24 74 39
24 75 251
24 76 105
24 77 45
24 78 154
24 79 168
24 80 212
24 81 161
24 82 253
24 83 43
24 84 268
24 85 253
24 86 49
24 87 211
24 88 30
24 89 179
24 90 271
24 91 238
24 92 209
24 93 299
24 94 235
24 95 277
24 96 117
24 97 168
24 98 134
24 99 100
25 1 66
25 2 132
25 3 223
25 4 236
25 5 288
25 6 112
25 7 99
25 8 131
25 9 289
25 10 158
25 11 158
25 12 30
25 13 127
25 14 139
25 15 143
25 16 144
25 17 56
25 18 147
25 19 273
25 20 226
25 21 99
25 22 118
25 23 109
25 24 94
25 26 65
25 27 61
25 28 252
25 29 183
25 30 165
25 31 274
25 32 80
25 33 59
25 34 254
25 35 287
25 36 77
25 37 143
25 38 300
25 39 174
25 40 210
25 41 238
25 42 209
25 43 124
25 44 129
25 45 115
25 46 69
25 47 121
25 48 135
25 49 128
25 50 30
25 51 96
25 52 246
25 53 100
25 54 267
25 55 95
25 56 33
25 57 120
25 58 298
25 59 260
25 60 237
25 61 275
25 62 262
25 63 300
25 64 51
25 65 283
25 66 244
25 67 191
25 68 204
25 69 196
25 70 297
25 71 223
25 72 121
25 73 217
25 74 134
25 75 98
25 76 207
25 77 259
25 78 207
25 79 198
25 80 115
25 81 131
25 82 63
25 83 230
25 84 139
25 85 52
25 86 178
25 87 47
25 88 201
25 89 275
25 90 150
25 91 143
25 92 204
25 93 96
25 94 133
25 95 297
25 96 237
25 97 283
25 98 54
25 99 180
26 1 114
26 2 37
26 3 259
26 4 34
26 5 113
26 6 238
26 7 285
26 8 254
26 9 46
26 10 210
26 11 100
26 12 233
26 13 143
26 14 30
26 15 175
26 16 217
26 17 134
26 18 141
26 19 87
26 20 226
26 21 150
26 22 62
26 23 231
26 24 262
26 25 65
26 27 182
26 28 53
26 29 186
26 30 171
26 31 177
26 32 70
26 33 126
26 34 228
26 35 287
26 36 104
26 37 285
26 38 277
26 39 214
26 40 166
26 41 254
26 42 259
26 43 274
26 44 152
26 45 201
26 46 176
26 47 109
26 48 83
26 49 101
26 50 252
26 51 186
26 52 254
26 53 123
26 54 65
26 55 271
26 56 173
26 57 299
26 58 95
26 59 98
26 60 241
26 61 239
26 62 197
26 63 62
26 64 123
26 65 288
26 66 261
26 67 32
26 68 199
26 69 145
26 70 219
26 71 77
26 72 114
26 73 47
26 74 184
26 75 182
26 76 124
26 77 80
26 78 109
26 79 264
26 80 169
26 81 235
26 82 224
26 83 153
26 84 112
26 85 285
26 86 224
26 87 163
26 88 170
26 89 223
26 90 74
26 91 272
26 92 204
26 93 192
26 94 210
26 95 196
26 96 163
26 97 200
26 98 72
26 99 266
27 1 105
27 2 238
27 3 83
27 4 57
27 5 275
27 6 81
27 7 264
27 8 36
27 9 170
27 10 289
27 11 246
27 12 146
27 13 157
27 14 88
27 15 227
27 16 200
27 17 276
27 18 93
27 19 161
27 20 53
27 21 205
27 22 291
27 23 246
27 24 236
27 25 61
27 26 182
27 28 298
27 29 238
27 30 247
27 31 201
27 32 125
27 33 149
27 34 253
27 35 244
27 36 53
27 37 53
27 38 240
27 39 287
27 40 270
27 41 98
27 42 124
27 43 201
27 44 201
27 45 59
27 46 169
27 47 148
27 48 280
27 49 86
27 50 83
27 51 200
27 52 137
27 53 222
27 54 264
27 55 110
27 56 191
27 57 126
27 58 95
27 59 118
27 60 299
27 61 92
27 62 280
27 63 191
27 64 198
27 65 62
27 66 93
27 67 264
27 68 62
27 69 287
27 70 120
27 71 218
27 72 199
27 73 85
27 74 96
27 75 149
27 76 259
27 77 105
27 78 124
27 79 127
27 80 48
27 81 160
27 82 43
27 83 219
27 84 161
27 85 65
27 86 87
27 87 299
27 88 151
27 89 225
27 90 39
27 91 114
27 92 90
27 93 221
27 94 195
27 95 69
27 96 99
27 97 274
27 98 180
27 99 203
28 1 265
28 2 120
28 3 47
28 4 177
28 5 243
28 6 139
28 7 117
28 8 166
28 9 193
28 10 141
28 11 89
28 12 49
28 13 143
28 14 273
28 15 54
28 16 192
28 17 181
28 18 270
28 19 137
28 20 219
28 21 204
28 22 51
28 23 272
28 24 79
28 25 252
28 26 53
28 27 298
28 29 71
28 30 125
28 31 81
28 32 142
28 33 51
28 34 133
28 35 76
28 36 205
28 37 193
28 38 123
28 39 147
28 40 117
28 41 32
28 42 162
28 43 152
28 44 275
28 45 83
28 46 164
28 47 264
28 48 226
28 49 176
28 50 37
28 51 93
28 52 62
28 53 62
28 54 197
28 55 104
28 56 99
28 57 271
28 58 74
28 59 107
28 60 209
28 61 83
28 62 98
28 63 217
28 64 298
28 65 277
28 66 287
28 67 277
28 68 56
28 69 168
28 70 46
28 71 60
28 72 273
28 73 192
28 74 153
28 75 157
28 76 234
28 77 116
28 78 213
28 79 135
28 80 203
28 81 153
28 82 86
28 83 58
28 84 253
28 85 162
28 86 177
28 87 225
28 88 177
28 89 112
28 90 89
28 91 195
28 92 283
28 93 186
28 94 143
28 95 291
28 96 295
28 97 149
28 98 270
28 99 281
29 1 289
29 2 236
29 3 114
29 4 176
29 5 126
29 6 235
29 7 216
29 8 117
29 9 299
29 10 268
29 11 150
29 12 143
29 13 86
29 14 98
29 15 40
29 16 160
29 17 289
29 18 176
29 19 280
29 20 214
29 21 184
29 22 232
29 23 182
29 24 120
29 25 183
29 26 186
29 27 238
29 28 71
29 30 126
29 31 139
29 32 30
29 33 103
29 34 33
29 35 30
29 36 81
29 37 158
29 38 287
29 39 130
29 40 270
29 41 183
29 42 261
29 43 254
29 44 251
29 45 112
29 46 123
29 47 107
29 48 218
29 49 115
29 50 52
29 51 59
29 52 191
29 53 102
29 54 119
29 55 150
29 56 184
29 57 226
29 58 49
29 59 39
29 60 51
29 61 181
29 62 190
29 63 204
29 64 300
29 65 73
29 66 201
29 67 204
29 68 201
29 69 290
29 70 138
29 71 293
29 72 72
29 73 199
29 74 171
29 75 156
29 76 101
29 77 251
29 78 194
29 79 282
29 80 276
29 81 240
29 82 129
29 83 279
29 84 187
29 85 300
29 86 176
29 87 148
29 88 42
29 89 187
29 90 45
29 91 130
29 92 84
29 93 180
29 94 155
29 95 169
29 96 280
29 97 68
29 98 40
29 99 195
30 1 61
30 2 90
30 3 259
30 4 222
30 5 111
30 6 208
30 7 55
30 8 113
30 9 47
30 10 122
30 11 143
30 12 69
30 13 113
30 14 69
30 15 124
30 16 174
30 17 219
30 18 248
30 19 108
30 20 75
30 21 119
30 22 200
30 23 217
30 24 255
30 25 165
30 26 171
30 27 247
30 28 125
30 29 126
30 31 259
30 32 47
30 33 135
30 34 261
30 35 252
30 36 273
30 37 197
30 38 32
30 39 105
30 40 119
30 41 110
30 42 51
30 43 134
30 44 114
30 45 120
30 46 133
30 47 210
30 48 38
30 49 179
30 50 110
30 51 144
30 52 143
30 53 234
30 54 252
30 55 64
30 56 247
30 57 83
30 58 49
30 59 70
30 60 66
30 61 87
30 62 238
30 63 142
30 64 183
30 65 210
30 66 55
30 67 295
30 68 288
30 69 108
30 70 300
30 71 66
30 72 276
30 73 229
30 74 202
30 75 213
30 76 171
30 77 50
30 78 53
30 79 282
30 80 108
30 81 211
30 82 244
30 83 33
30 84 83
30 85 153
30 86 94
30 87 49
30 88 236
30 89 241
30 90 141
30 91 151
30 92 145
30 93 55
30 94 72
30 95 141
30 96 163
30 97 220
30 98 174
30 99 82
31 1 230
31 2 235
31 3 259
31 4 214
31 5 214
31 6 111
31 7 48
31 8 244
31 9 219
31 10 241
31 11 233
31 12 51
31 13 199
31 14 277
31 15 101
31 16 291
31 17 256
31 18 257
31 19 183
31 20 135
31 21 279
31 22 73
31 23 260
31 24 217
31 25 274
31 26 177
31 27 201
31 28 81
31 29 139
31 30 259
31 32 177
31 33 42
31 34 153
31 35 293
31 36 154
31 37 289
31 38 227
31 39 108
31 40 227
31 41 269
31 42 91
31 43 287
31 44 50
31 45 57
31 46 51
31 47 118
31 48 97
31 49 115
31 50 124
31 51 171
31 52 184
31 53 141
31 54 281
31 55 273
31 56 283
31 57 40
31 58 192
31 59 278
31 60 58
31 61 202
31 62 300
31 63 237
31 64 79
31 65 269
31 66 104
31 67 174
31 68 229
31 69 125
31 70 116
31 71 148
31 72 210
31 73 75
31 74 115
31 75 43
31 76 195
31 77 212
31 78 282
31 79 67
31 80 294
31 81 46
31 82 145
31 83 275
31 84 86
31 85 187
31 86 180
31 87 52
31 88 158
31 89 115
31 90 156
31 91 283
31 92 69
31 93 158
31 94 189
31 95 55
31 96 138
31 97 205
31 98 60
31 99 192
32 1 224
32 2 89
32 3 220
32 4 72
32 5 247
32 6 41
32 7 283
32 8 140
32 9 44
32 10 127
32 11 36
32 12 153
32 13 93
32 14 31
32 15 159
32 16 149
32 17 159
32 18 265
32 19 186
32 20 265
32 21 113
32 22 82
32 23 155
32 24 158
32 25 80
32 26 70
32 27 125
32 28 142
32 29 30
32 30 47
32 31 177
32 33 199
32 34 155
32 35 238
32 36 207
32 37 107
32 38 289
32 39 116
32 40 112
32 41 158
32 42 229
32 43 44
32 44 271
32 45 193
32 46 73
32 47 85
32 48 106
32 49 162
32 50 255
32 51 288
32 52 39
32 53 71
32 54 252
32 55 160
32 56 266
32 57 200
32 58 227
32 59 228
32 60 210
32 61 229
32 62 213
32 63 99
32 64 237
32 65 49
32 66 263
32 67 66
32 68 267
32 69 177
32 70 122
32 71 275
32 72 82
32 73 38
32 74 189
32 75 132
32 76 193
32 77 255
32 78 297
32 79 105
32 80 39
32 81 278
32 82 143
32 83 32
32 84 125
32 85 50
32 86 54
32 87 42
32 88 163
32 89 52
32 90 294
32 91 112
32 92 99
32 93 164
32 94 86
32 95 79
32 96 74
32 97 129
32 98 140
32 99 121
33 1 33
33 2 250
33 3 300
33 4 146
33 5 57
33 6 282
33 7 74
33 8 118
33 9 230
33 10 160
33 11 46
33 12 243
33 13 178
33 14 125
33 15 98
33 16 67
33 17 83
33 18 171
33 19 287
33 20 59
33 21 113
33 22 134
33 23 297
33 24 111
33 25 59
33 26 126
33 27 149
33 28 51
33 29 103
33 30 135
33 31 42
33 32 199
33 34 98
33 35 171
33 36 68
33 37 131
33 38 110
33 39 195
33 40 85
33 41 50
33 42 64
33 43 131
33 44 102
33 45 112
33 46 137
33 47 255
33 48 254
33 49 105
33 50 184
33 51 108
33 52 154
33 53 184
33 54 221
33 55 101
33 56 33
33 57 79
33 58 259
33 59 185
33 60 198
33 61 42
33 62 264
33 63 38
33 64 153
33 65 186
33 66 54
33 67 102
33 68 47
33 69 130
33 70 62
33 71 215
33 72 134
33 73 215
33 74 140
33 75 130
33 76 31
33 77 275
33 78 80
33 79 140
33 80 49
33 81 55
33 82 251
33 83 32
33 84 46
33 85 67
33 86 64
33 87 251
33 88 154
33 89 31
33 90 50
33 91 145
33 92 129
33 93 41
33 94 291
33 95 210
33 96 279
33 97 129
33 98 263
33 99 300
34 1 179
34 2 125
34 3 130
34 4 245
34 5 133
34 6 210
34 7 41
34 8 41
34 9 180
34 10 125
34 11 38
34 12 72
34 13 33
34 14 228
34 15 262
34 16 132
34 17 125
34 18 264
34 19 295
34 20 298
34 21 238
34 22 57
34 23 63
34 24 205
34 25 254
34 26 228
34 27 253
34 28 133
34 29 33
34 30 261
34 31 153
34 32 155
34 33 98
34 35 238
34 36 283
34 37 199
34 38 43
34 39 77
34 40 170
34 41 165
34 42 74
34 43 57
34 44 163
34 45 211
34 46 222
34 47 130
34 48 161
34 49 77
34 50 227
34 51 50
34 52 122
34 53 80
34 54 104
34 55 197
34 56 234
34 57 233
34 58 245
34 59 36
34 60 282
34 61 182
34 62 56
34 63 270
34 64 180
34 65 82
34 66 269
34 67 270
34 68 45
34 69 70
34 70 227
34 71 225
34 72 239
34 73 205
34 74 195
34 75 40
34 76 298
34 77 226
34 78 203
34 79 117
34 80 92
34 81 163
34 82 74
34 83 245
34 84 200
34 85 269
34 86 102
34 87 177
34 88 274
34 89 205
34 90 34
34 91 98
34 92 208
34 93 155
34 94 126
34 95 77
34 96 154
34 97 105
34 98 164
34 99 248
35 1 181
35 2 281
35 3 284
35 4 60
35 5 187
35 6 107
35 7 143
35 8 110
35 9 193
35 10 242
35 11 135
35 12 102
35 13 128
35 14 216
35 15 160
35 16 191
35 17 230
35 18 252
35 19 248
35 20 201
35 21 208
35 22 266
35 23 224
35 24 228
35 25 287
35 26 287
35 27 244
35 28 76
35 29 30
35 30 252
35 31 293
35 32 238
35 33 171
35 34 238
35 36 238
35 37 103
35 38 190
35 39 230
35 40 187
35 41 240
35 42 114
35 43 269
35 44 38
35 45 45
35 46 70
35 47 119
35 48 119
35 49 205
35 50 142
35 51 59
35 52 145
35 53 67
35 54 165
35 55 251
35 56 232
35 57 112
35 58 278
35 59 183
35 60 98
35 61 169
35 62 133
35 63 42
35 64 102
35 65 142
35 66 164
35 67 266
35 68 247
35 69 136
35 70 248
35 71 131
35 72 218
35 73 224
35 74 184
35 75 146
35 76 278
35 77 239
35 78 220
35 79 142
35 80 184
35 81 249
35 82 151
35 83 254
35 84 129
35 85 92
35 86 44
35 87 171
35 88 240
35 89 184
35 90 245
35 91 247
35 92 160
35 93 82
35 94 133
35 95 270
35 96 56
35 97 135
35 98 186
35 99 130
36 1 273
36 2 263
36 3 295
36 4 189
36 5 241
36 6 271
36 7 223
36 8 131
36 9 143
36 10 253
36 11 281
36 12 206
36 13 279
36 14 56
36 15 234
36 16 216
36 17 39
36 18 156
36 19 81
36 20 51
36 21 206
36 22 263
36 23 105
36 24 194
36 25 77
36 26 104
36 27 53
36 28 205
36 29 81
36 30 273
36 31 154
36 32 207
36 33 68
36 34 283
36 35 238
36 37 96
36 38 188
36 39 92
36 40 94
36 41 201
36 42 96
36 43 280
36 44 211
36 45 119
36 46 73
36 47 111
36 48 191
36 49 263
36 50 165
36 51 80
36 52 167
36 53 134
36 54 182
36 55 126
36 56 161
36 57 31
36 58 160
36 59 138
36 60 253
36 61 116
36 62 128
36 63 231
36 64 40
36 65 186
36 66 38
36 67 278
36 68 143
36 69 277
36 70 197
36 71 40
36 72 231
36 73 223
36 74 41
36 75 93
36 76 115
36 77 48
36 78 271
36 79 149
36 80 160
36 81 214
36 82 131
36 83 233
36 84 108
36 85 255
36 86 37
36 87 87
36 88 74
36 89 132
36 90 154
36 91 60
36 92 185
36 93 157
36 94 225
36 95 263
36 96 44
36 97 189
36 98 222
36 99 260
37 1 271
37 2 118
37 3 222
37 4 220
37 5 209
37 6 296
37 7 151
37 8 46
37 9 203
37 10 183
37 11 122
37 12 162
37 13 65
37 14 62
37 15 300
37 16 143
37 17 277
37 18 184
37 19 161
37 20 145
37 21 197
37 22 199
37 23 139
37 24 43
37 25 143
37 26 285
37 27 53
37 28 193
37 29 158
37 30 197
37 31 289
37 32 107
37 33 131
37 34 199
37 35 103
37 36 96
37 38 233
37 39 263
37 40 132
37 41 257
37 42 68
37 43 242
37 44 300
37 45 164
37 46 137
37 47 218
37 48 60
37 49 63
37 50 219
37 51 138
37 52 180
37 53 51
37 54 246
37 55 264
37 56 160
37 57 165
37 58 120
37 59 34
37 60 69
37 61 50
37 62 145
37 63 218
37 64 206
37 65 67
37 66 203
37 67 129
37 68 61
37 69 132
37 70 54
37 71 157
37 72 288
37 73 50
37 74 36
37 75 143
37 76 282
37 77 82
37 78 114
37 79 105
37 80 66
37 81 287
37 82 144
37 83 140
37 84 216
37 85 248
37 86 168
37 87 236
37 88 87
37 89 151
37 90 50
37 91 235
37 92 251
37 93 293
37 94 186
37 95 103
37 96 257
37 97 116
37 98 259
37 99 118
38 1 136
38 2 115
38 3 65
38 4 254
38 5 275
38 6 260
38 7 158
38 8 237
38 9 81
38 10 126
38 11 226
38 12 223
38 13 201
38 14 245
38 15 243
38 16 271
38 17 42
38 18 60
38 19 45
38 20 190
38 21 171
38 22 196
38 23 135
38 24 227
38 25 300
38 26 277
38 27 240
38 28 123
38 29 287
38 30 32
38 31 227
38 32 289
38 33 110
38 34 43
38 35 190
38 36 188
38 37 233
38 39 248
38 40 69
38 41 224
38 42 134
38 43 270
38 44 153
38 45 282
38 46 113
38 47 221
38 48 183
38 49 128
38 50 119
38 51 226
38 52 59
38 53 77
38 54 187
38 55 142
38 56 145
38 57 248
38 58 40
38 59 63
38 60 223
38 61 62
38 62 250
38 63 199
38 64 48
38 65 259
38 66 243
38 67 147
38 68 41
38 69 264
38 70 155
38 71 125
38 72 43
38 73 210
38 74 127
38 75 51
38 76 168
38 77 152
38 78 233
38 79 176
38 80 178
38 81 154
38 82 183
38 83 118
38 84 210
38 85 113
38 86 96
38 87 44
38 88 86
38 89 210
38 90 167
38 91 117
38 92 128
38 93 102
38 94 224
38 95 188
38 96 215
38 97 151
38 98 161
38 99 207
39 1 193
39 2 278
39 3 271
39 4 71
39 5 159
39 6 48
39 7 62
39 8 253
39 9 90
39 10 128
39 11 30
39 12 102
39 13 164
39 14 262
39 15 176
39 16 53
39 17 182
39 18 171
39 19 214
39 20 114
39 21 129
39 22 148
39 23 210
39 24 295
39 25 174
39 26 214
39 27 287
39 28 147
39 29 130
39 30 105
39 31 108
39 32 116
39 33 195
39 34 77
39 35 230
39 36 92
39 37 263
39 38 248
39 40 100
39 41 292
39 42 239
39 43 132
39 44 266
39 45 155
39 46 224
39 47 158
39 48 237
39 49 278
39 50 59
39 51 44
39 52 53
39 53 286
39 54 51
39 55 141
39 56 300
39 57 209
39 58 56
39 59 273
39 60 275
39 61 102
39 62 94
39 63 170
39 64 192
39 65 37
39 66 120
39 67 95
39 68 251
39 69 245
39 70 78
39 71 252
39 72 256
39 73 163
39 74 176
39 75 135
39 76 143
39 77 88
39 78 200
39 79 196
39 80 292
39 81 71
39 82 238
39 83 89
39 84 118
39 85 264
39 86 239
39 87 174
39 88 229
39 89 82
39 90 170
39 91 93
39 92 113
39 93 178
39 94 222
39 95 194
39 96 251
39 97 62
39 98 56
39 99 42
40 1 197
40 2 46
40 3 89
40 4 244
40 5 290
40 6 74
40 7 149
40 8 286
40 9 173
40 10 126
40 11 132
40 12 103
40 13 237
40 14 275
40 15 164
40 16 166
40 17 216
40 18 249
40 19 271
40 20 280
40 21 79
40 22 260
40 23 266
40 24 289
40 25 210
40 26 166
40 27 270
40 28 117
40 29 270
40 30 119
40 31 227
40 32 112
40 33 85
40 34 170
40 35 187
40 36 94
40 37 132
40 38 69
40 39 100
40 41 128
40 42 292
40 43 49
40 44 69
40 45 269
40 46 57
40 47 187
40 48 181
40 49 143
40 50 99
40 51 271
40 52 241
40 53 92
40 54 183
40 55 258
40 56 155
40 57 39
40 58 289
40 59 175
40 60 139
40 61 249
40 62 162
40 63 198
40 64 229
40 65 81
40 66 197
40 67 161
40 68 165
40 69 117
40 70 62
40 71 209
40 72 118
40 73 50
40 74 261
40 75 123
40 76 74
40 77 179
40 78 176
40 79 271
40 80 65
40 81 69
40 82 194
40 83 102
40 84 149
40 85 59
40 86 247
40 87 68
40 88 79
40 89 172
40 90 48
40 91 172
40 92 78
40 93 198
40 94 212
40 95 196
40 96 120
40 97 110
40 98 131
40 99 218
41 1 247
41 2 212
41 3 55
41 4 97
41 5 122
41 6 86
41 7 289
41 8 106
41 9 148
41 10 68
41 11 266
41 12 96
41 13 108
41 14 272
41 15 200
41 16 156
41 17 189
41 18 187
41 19 295
41 20 250
41 21 159
41 22 276
41 23 31
41 24 241
41 25 238
41 26 254
41 27 98
41 28 32
41 29 183
41 30 110
41 31 269
41 32 158
41 33 50
41 34 165
41 35 240
41 36 201
41 37 257
41 38 224
41 39 292
41 40 128
41 42 170
41 43 238
41 44 47
41 45 126
41 46 152
41 47 196
41 48 201
41 49 60
41 50 195
41 51 165
41 52 145
41 53 250
41 54 223
41 55 177
41 56 95
41 57 241
41 58 285
41 59 268
41 60 270
41 61 281
41 62 131
41 63 255
41 64 262
41 65 143
41 66 249
41 67 49
41 68 258
41 69 68
41 70 275
41 71 178
41 72 289
41 73 145
41 74 58
41 75 256
41 76 104
41 77 260
41 78 59
41 79 56
41 80 257
41 81 291
41 82 253
41 83 41
41 84 117
41 85 133
41 86 95
41 87 165
41 88 91
41 89 55
41 90 142
41 91 258
41 92 125
41 93 230
41 94 168
41 95 42
41 96 125
41 97 88
41 98 221
41 99 93
42 1 156
42 2 169
42 3 258
42 4 260
42 5 259
42 6 212
42 7 90
42 8 119
42 9 142
42 10 72
42 11 283
42 12 66
42 13 236
42 14 134
42 15 98
42 16 119
42 17 93
42 18 245
42 19 135
42 20 146
42 21 281
42 22 49
42 23 54
42 24 276
42 25 209
42 26 259
42 27 124
42 28 162
42 29 261
42 30 51
42 31 91
42 32 229
42 33 64
42 34 74
42 35 114
42 36 96
42 37 68
42 38 134
42 39 239
42 40 292
42 41 170
42 43 97
42 44 36
42 45 163
42 46 261
42 47 193
42 48 136
42 49 237
42 50 265
42 51 292
42 52 229
42 53 212
42 54 162
42 55 205
42 56 278
42 57 283
42 58 51
42 59 59
42 60 177
42 61 60
42 62 156
42 63 263
42 64 149
42 65 251
42 66 197
42 67 244
42 68 182
42 69 171
42 70 250
42 71 222
42 72 112
42 73 212
42 74 81
42 75 163
42 76 210
42 77 143
42 78 178
42 79 154
42 80 247
42 81 106
42 82 275
42 83 247
42 84 113
42 85 75
42 86 232
42 87 184
42 88 134
42 89 64
42 90 210
42 91 75
42 92 73
42 93 182
42 94 259
42 95 68
42 96 38
42 97 83
42 98 266
42 99 123
43 1 160
43 2 158
43 3 142
43 4 94
43 5 224
43 6 158
43 7 182
43 8 153
43 9 83
43 10 84
43 11 295
43 12 218
43 13 246
43 14 298
43 15 112
43 16 267
43 17 101
43 18 91
43 19 261
43 20 121
43 21 127
43 22 219
43 23 240
43 24 38
43 25 124
43 26 274
43 27 201
43 28 152
43 29 254
